File Path : ../data/yag_200_10_1.json
Time Elapsed : 2.68s

Num Agents : 10 | Num Tasks : 200
Selected Item Coords : [(0, 8), (0, 14), (0, 24), (0, 39), (0, 62), (0, 70), (0, 84), (0, 92), (0, 100), (0, 104), (0, 110), (0, 111), (0, 114), (0, 120), (0, 130), (0, 137), (0, 145), (0, 163), (0, 174), (0, 189), (1, 3), (1, 4), (1, 15), (1, 16), (1, 26), (1, 31), (1, 32), (1, 46), (1, 94), (1, 105), (1, 106), (1, 109), (1, 122), (1, 128), (1, 140), (1, 175), (2, 10), (2, 17), (2, 19), (2, 40), (2, 42), (2, 43), (2, 45), (2, 58), (2, 64), (2, 103), (2, 113), (2, 133), (2, 134), (2, 143), (2, 146), (2, 156), (2, 168), (2, 173), (2, 186), (2, 192), (3, 5), (3, 12), (3, 18), (3, 20), (3, 23), (3, 41), (3, 49), (3, 68), (3, 71), (3, 72), (3, 80), (3, 87), (3, 119), (3, 121), (3, 129), (3, 153), (3, 170), (3, 172), (3, 194), (4, 11), (4, 13), (4, 21), (4, 33), (4, 51), (4, 53), (4, 57), (4, 60), (4, 90), (4, 96), (4, 98), (4, 101), (4, 124), (4, 126), (4, 150), (4, 162), (4, 181), (4, 191), (4, 195), (5, 0), (5, 22), (5, 48), (5, 50), (5, 55), (5, 75), (5, 78), (5, 97), (5, 102), (5, 107), (5, 108), (5, 117), (5, 159), (5, 160), (5, 187), (5, 190), (5, 199), (6, 6), (6, 9), (6, 28), (6, 30), (6, 73), (6, 76), (6, 82), (6, 85), (6, 91), (6, 112), (6, 115), (6, 116), (6, 123), (6, 132), (6, 147), (6, 151), (6, 154), (6, 155), (6, 169), (6, 177), (6, 178), (6, 180), (6, 197), (7, 1), (7, 7), (7, 29), (7, 37), (7, 38), (7, 61), (7, 67), (7, 74), (7, 77), (7, 79), (7, 81), (7, 86), (7, 93), (7, 127), (7, 135), (7, 136), (7, 139), (7, 148), (7, 152), (7, 157), (7, 161), (7, 166), (7, 182), (7, 183), (7, 198), (8, 2), (8, 44), (8, 47), (8, 52), (8, 54), (8, 63), (8, 65), (8, 66), (8, 69), (8, 88), (8, 99), (8, 118), (8, 138), (8, 141), (8, 142), (8, 149), (8, 164), (8, 165), (8, 167), (8, 171), (8, 185), (9, 25), (9, 27), (9, 34), (9, 35), (9, 36), (9, 56), (9, 59), (9, 83), (9, 89), (9, 95), (9, 125), (9, 131), (9, 144), (9, 158), (9, 176), (9, 179), (9, 184), (9, 188), (9, 193), (9, 196)]
Number of Selected Items : 200
Selected Weights : 
Agent 0 : [44, 17, 35, 47, 32, 71, 6, 65, 28, 24, 72, 11, 46, 28, 10, 51, 48, 47, 43, 44] total weight : 769 cap : 770
Agent 1 : [26, 52, 35, 47, 31, 92, 29, 17, 48, 91, 31, 76, 48, 55, 72, 46] total weight : 796 cap : 796
Agent 2 : [18, 37, 38, 48, 2, 12, 58, 30, 16, 54, 16, 49, 64, 97, 18, 30, 52, 30, 49, 56] total weight : 774 cap : 774
Agent 3 : [77, 3, 33, 2, 11, 91, 3, 6, 18, 53, 74, 42, 2, 69, 63, 60, 3, 56, 64] total weight : 730 cap : 741
Agent 4 : [5, 38, 4, 22, 54, 22, 12, 64, 11, 77, 68, 82, 43, 57, 6, 38, 99, 28, 92] total weight : 822 cap : 822
Agent 5 : [46, 51, 40, 65, 53, 23, 86, 5, 65, 59, 46, 39, 38, 52, 47, 51, 70] total weight : 836 cap : 836
Agent 6 : [21, 25, 37, 8, 3, 39, 30, 74, 30, 16, 46, 43, 41, 25, 26, 6, 49, 66, 2, 48, 13, 40, 50] total weight : 738 cap : 743
Agent 7 : [42, 53, 31, 5, 25, 58, 9, 14, 21, 2, 5, 48, 63, 33, 41, 14, 13, 24, 74, 24, 61, 36, 10, 16, 69] total weight : 791 cap : 812
Agent 8 : [3, 94, 69, 59, 18, 81, 62, 18, 26, 41, 32, 10, 40, 50, 21, 44, 45, 1, 15, 50, 62] total weight : 841 cap : 846
Agent 9 : [38, 3, 72, 2, 46, 44, 12, 85, 48, 51, 58, 11, 60, 32, 12, 50, 39, 39, 70, 55] total weight : 827 cap : 827

Selected Profits : 
Agent 0 : [-62, -91, -69, -58, -72, -35, -95, -44, -83, -92, -41, -90, -61, -79, -94, -62, -53, -57, -61, -61] profit : -1360
Agent 1 : [-79, -60, -69, -54, -70, -13, -75, -84, -57, -17, -73, -40, -53, -48, -38, -72] profit : -902
Agent 2 : [-86, -70, -63, -56, -100, -91, -51, -71, -88, -47, -96, -64, -43, -12, -90, -81, -54, -77, -67, -55] profit : -1362
Agent 3 : [-25, -104, -73, -104, -92, -10, -107, -101, -85, -56, -39, -70, -106, -47, -42, -48, -98, -48, -52] profit : -1307
Agent 4 : [-98, -66, -103, -89, -66, -83, -97, -41, -90, -30, -38, -26, -68, -60, -101, -67, -2, -74, -16] profit : -1215
Agent 5 : [-70, -50, -80, -45, -57, -89, -19, -96, -39, -46, -55, -70, -70, -66, -57, -55, -34] profit : -998
Agent 6 : [-83, -83, -64, -100, -101, -64, -76, -29, -74, -91, -61, -62, -66, -80, -75, -98, -52, -38, -118, -65, -89, -72, -51] profit : -1692
Agent 7 : [-62, -56, -79, -96, -82, -55, -95, -91, -80, -110, -96, -62, -38, -71, -61, -92, -90, -77, -34, -79, -46, -65, -93, -88, -32] profit : -1830
Agent 8 : [-110, -13, -39, -44, -92, -38, -40, -84, -77, -64, -73, -93, -61, -55, -81, -64, -56, -110, -87, -53, -42] profit : -1376
Agent 9 : [-71, -99, -32, -105, -57, -73, -96, -24, -55, -58, -54, -100, -42, -76, -90, -57, -64, -65, -39, -61] profit : -1318
Total Profit : 13360.0 
