File Path : ../data/gamma_100_5_0.json
Time Elapsed : 2.2s

Num Agents : 5 | Num Tasks : 100
Selected Item Coords : [(0, 0), (0, 6), (0, 7), (0, 8), (0, 9), (0, 12), (0, 13), (0, 16), (0, 21), (0, 24), (0, 27), (0, 28), (0, 32), (0, 34), (0, 38), (0, 39), (0, 40), (0, 42), (0, 45), (0, 49), (0, 64), (0, 67), (0, 76), (0, 79), (0, 81), (0, 86), (0, 93), (0, 95), (1, 3), (1, 20), (1, 23), (1, 25), (1, 31), (1, 60), (1, 89), (1, 92), (2, 5), (2, 14), (2, 15), (2, 17), (2, 18), (2, 22), (2, 26), (2, 48), (2, 51), (2, 53), (2, 58), (2, 77), (2, 83), (2, 84), (2, 87), (2, 88), (2, 90), (2, 91), (2, 94), (2, 98), (3, 1), (3, 2), (3, 10), (3, 11), (3, 19), (3, 29), (3, 30), (3, 33), (3, 35), (3, 36), (3, 37), (3, 41), (3, 43), (3, 44), (3, 46), (3, 47), (3, 50), (3, 52), (3, 54), (3, 55), (3, 56), (3, 57), (3, 59), (3, 61), (3, 62), (3, 63), (3, 65), (3, 66), (3, 68), (3, 70), (3, 72), (3, 73), (3, 74), (3, 75), (3, 78), (3, 80), (3, 82), (3, 96), (3, 97), (3, 99), (4, 4), (4, 69), (4, 71), (4, 85)]
Number of Selected Items : 100
Selected Weights : 
Agent 0 : [6, 5, 4, 8, 5, 5, 5, 6, 7, 7, 7, 7, 5, 12, 7, 9, 9, 4, 8, 10, 7, 7, 5, 6, 7, 5, 4, 9] total weight : 186 cap : 186
Agent 1 : [92, 117, 48, 141, 94, 128, 91, 126] total weight : 837 cap : 956
Agent 2 : [67, 136, 5, 107, 140, 111, 179, 167, 37, 129, 104, 105, 127, 225, 129, 136, 138, 123, 161, 180] total weight : 2506 cap : 2706
Agent 3 : [26, 7, 29, 29, 5, 27, 31, 26, 31, 13, 31, 25, 24, 24, 24, 30, 26, 27, 27, 34, 28, 28, 29, 30, 25, 22, 20, 22, 32, 32, 22, 35, 17, 32, 7, 21, 32, 25, 22, 7] total weight : 984 cap : 985
Agent 4 : [53, 44, 42, 42] total weight : 181 cap : 184

Selected Profits : 
Agent 0 : [-8, -6, -5, -9, -7, -7, -7, -7, -8, -8, -9, -9, -5, -12, -8, -10, -10, -4, -9, -10, -9, -9, -6, -8, -8, -7, -5, -10] profit : -220
Agent 1 : [-106, -121, -48, -156, -108, -140, -104, -138] profit : -921
Agent 2 : [-68, -134, -16, -110, -138, -113, -167, -165, -43, -116, -106, -108, -114, -189, -118, -128, -138, -113, -153, -169] profit : -2406
Agent 3 : [-29, -9, -32, -31, -8, -31, -34, -30, -34, -12, -34, -29, -27, -28, -27, -33, -30, -30, -31, -36, -31, -31, -32, -32, -29, -24, -19, -23, -35, -35, -21, -37, -15, -35, -10, -20, -36, -29, -23, -10] profit : -1082
Agent 4 : [-61, -52, -50, -51] profit : -214
Total Profit : 4843.0 
