File Path : ../data/yag_100_5_1.json
Time Elapsed : 2.36s

Num Agents : 5 | Num Tasks : 100
Selected Item Coords : [(0, 0), (0, 2), (0, 12), (0, 18), (0, 38), (0, 42), (0, 46), (0, 54), (0, 58), (0, 61), (0, 62), (0, 67), (0, 78), (0, 80), (0, 81), (0, 84), (0, 85), (0, 94), (0, 95), (0, 98), (0, 99), (1, 6), (1, 16), (1, 17), (1, 20), (1, 22), (1, 25), (1, 30), (1, 34), (1, 44), (1, 49), (1, 50), (1, 52), (1, 57), (1, 70), (1, 77), (1, 83), (1, 92), (2, 1), (2, 4), (2, 5), (2, 9), (2, 15), (2, 27), (2, 29), (2, 36), (2, 39), (2, 43), (2, 47), (2, 48), (2, 53), (2, 56), (2, 68), (2, 71), (2, 79), (2, 82), (2, 86), (2, 90), (2, 96), (3, 10), (3, 14), (3, 19), (3, 24), (3, 26), (3, 35), (3, 40), (3, 41), (3, 51), (3, 60), (3, 63), (3, 65), (3, 69), (3, 73), (3, 88), (3, 89), (3, 93), (4, 3), (4, 7), (4, 8), (4, 11), (4, 13), (4, 21), (4, 23), (4, 28), (4, 31), (4, 32), (4, 33), (4, 37), (4, 45), (4, 55), (4, 59), (4, 64), (4, 66), (4, 72), (4, 74), (4, 75), (4, 76), (4, 87), (4, 91), (4, 97)]
Number of Selected Items : 100
Selected Weights : 
Agent 0 : [58, 15, 16, 6, 45, 38, 43, 25, 11, 13, 33, 82, 52, 74, 64, 24, 39, 2, 51, 22, 81] total weight : 794 cap : 816
Agent 1 : [98, 40, 19, 76, 73, 16, 48, 32, 57, 91, 12, 68, 28, 29, 53, 37, 26] total weight : 803 cap : 806
Agent 2 : [17, 62, 82, 58, 4, 66, 97, 6, 56, 7, 20, 20, 17, 49, 20, 17, 51, 47, 59, 1, 75] total weight : 831 cap : 835
Agent 3 : [39, 35, 25, 99, 46, 94, 21, 46, 16, 32, 62, 12, 40, 66, 72, 1, 31] total weight : 737 cap : 737
Agent 4 : [14, 46, 29, 54, 33, 15, 39, 73, 52, 32, 53, 25, 44, 11, 44, 13, 22, 7, 24, 27, 72, 55, 40, 9] total weight : 833 cap : 847

Selected Profits : 
Agent 0 : [-47, -86, -88, -109, -56, -63, -62, -79, -94, -91, -73, -19, -50, -39, -39, -79, -68, -115, -50, -83, -27] profit : -1417
Agent 1 : [-3, -78, -99, -34, -28, -88, -58, -69, -50, -10, -92, -33, -75, -82, -52, -67, -82] profit : -1000
Agent 2 : [-92, -49, -23, -50, -111, -36, -14, -96, -55, -101, -83, -85, -93, -54, -84, -92, -59, -70, -52, -101, -27] profit : -1427
Agent 3 : [-77, -69, -76, -7, -70, -7, -81, -63, -89, -79, -39, -100, -64, -35, -32, -117, -80] profit : -1085
Agent 4 : [-90, -68, -85, -52, -72, -91, -64, -28, -60, -73, -60, -78, -67, -102, -58, -90, -79, -96, -78, -80, -35, -52, -68, -94] profit : -1720
Total Profit : 6649.0 
