File Path : ../data/gapa_5.json
Time Elapsed : 3.06s

Num Agents : 20 | Num Tasks : 200
Selected Item Coords : [(0, 7), (0, 47), (0, 56), (0, 69), (0, 73), (0, 132), (1, 10), (1, 34), (1, 48), (1, 53), (1, 55), (1, 84), (1, 107), (1, 116), (1, 162), (1, 165), (1, 189), (2, 22), (2, 29), (2, 35), (2, 87), (2, 109), (2, 114), (2, 119), (2, 141), (2, 145), (2, 148), (2, 163), (2, 193), (3, 0), (3, 4), (3, 8), (3, 18), (3, 31), (3, 38), (3, 80), (3, 93), (3, 100), (3, 105), (3, 115), (3, 130), (4, 9), (4, 40), (4, 44), (4, 46), (4, 52), (4, 65), (4, 89), (4, 92), (4, 95), (4, 104), (4, 117), (4, 121), (4, 157), (4, 191), (5, 3), (5, 21), (5, 36), (5, 43), (5, 77), (5, 94), (5, 166), (5, 171), (5, 174), (5, 180), (5, 185), (6, 15), (6, 78), (6, 97), (6, 118), (6, 120), (6, 186), (6, 188), (6, 194), (6, 195), (7, 6), (7, 11), (7, 13), (7, 54), (7, 57), (7, 71), (7, 96), (7, 112), (7, 113), (7, 124), (7, 142), (7, 169), (8, 5), (8, 41), (8, 59), (8, 63), (8, 103), (8, 122), (8, 123), (8, 158), (8, 160), (8, 187), (8, 198), (9, 12), (9, 14), (9, 24), (9, 49), (9, 81), (9, 150), (9, 177), (9, 178), (9, 184), (10, 27), (10, 45), (10, 68), (10, 108), (10, 137), (10, 146), (10, 151), (10, 164), (10, 173), (11, 17), (11, 37), (11, 39), (11, 67), (11, 126), (11, 128), (11, 129), (12, 19), (12, 28), (12, 42), (12, 64), (12, 74), (12, 82), (12, 161), (12, 175), (12, 192), (13, 2), (13, 62), (13, 70), (13, 86), (13, 111), (13, 125), (13, 134), (13, 155), (13, 156), (13, 170), (13, 183), (13, 196), (14, 20), (14, 72), (14, 98), (14, 102), (14, 153), (14, 167), (14, 182), (15, 16), (15, 26), (15, 32), (15, 99), (15, 106), (15, 110), (15, 131), (15, 135), (15, 172), (16, 1), (16, 50), (16, 51), (16, 138), (16, 139), (16, 143), (16, 179), (16, 181), (17, 30), (17, 58), (17, 88), (17, 90), (17, 101), (17, 127), (17, 133), (17, 140), (18, 23), (18, 25), (18, 60), (18, 61), (18, 75), (18, 76), (18, 79), (18, 83), (18, 85), (18, 91), (18, 154), (18, 159), (18, 190), (19, 33), (19, 66), (19, 136), (19, 144), (19, 147), (19, 149), (19, 152), (19, 168), (19, 176), (19, 197), (19, 199)]
Number of Selected Items : 200
Selected Weights : 
Agent 0 : [14, 6, 25, 9, 8, 9] total weight : 71 cap : 199
Agent 1 : [17, 21, 22, 9, 18, 12, 19, 7, 25, 13, 25] total weight : 188 cap : 199
Agent 2 : [8, 15, 15, 7, 15, 14, 23, 22, 25, 25, 14, 14] total weight : 197 cap : 199
Agent 3 : [7, 9, 6, 16, 13, 14, 15, 7, 6, 11, 12, 13] total weight : 129 cap : 199
Agent 4 : [11, 8, 23, 5, 7, 25, 14, 5, 9, 19, 15, 15, 15, 12] total weight : 183 cap : 199
Agent 5 : [19, 20, 7, 16, 24, 9, 25, 24, 14, 24, 11] total weight : 193 cap : 199
Agent 6 : [21, 7, 6, 10, 23, 23, 7, 12, 25] total weight : 134 cap : 199
Agent 7 : [16, 14, 13, 12, 7, 11, 18, 8, 16, 21, 22, 16] total weight : 174 cap : 199
Agent 8 : [20, 7, 25, 6, 16, 18, 6, 21, 22, 13, 25] total weight : 179 cap : 199
Agent 9 : [16, 9, 8, 18, 24, 21, 19, 13, 23] total weight : 151 cap : 199
Agent 10 : [7, 20, 21, 17, 12, 19, 6, 23, 18] total weight : 143 cap : 199
Agent 11 : [23, 16, 22, 15, 15, 12, 7] total weight : 110 cap : 199
Agent 12 : [16, 9, 19, 18, 17, 21, 8, 9, 13] total weight : 130 cap : 199
Agent 13 : [9, 15, 12, 6, 12, 12, 23, 13, 12, 24, 10, 20] total weight : 168 cap : 199
Agent 14 : [14, 24, 16, 16, 18, 23, 17] total weight : 128 cap : 199
Agent 15 : [18, 12, 20, 10, 19, 12, 23, 19, 12] total weight : 145 cap : 199
Agent 16 : [9, 16, 17, 15, 6, 14, 21, 8] total weight : 106 cap : 199
Agent 17 : [22, 22, 6, 8, 19, 16, 20, 7] total weight : 120 cap : 199
Agent 18 : [23, 20, 20, 14, 12, 22, 14, 17, 19, 7, 9, 11, 10] total weight : 198 cap : 199
Agent 19 : [25, 8, 25, 9, 14, 12, 7, 14, 18, 17, 22] total weight : 171 cap : 199

Selected Profits : 
Agent 0 : [-16, -10, -13, -10, -14, -13] profit : -76
Agent 1 : [-10, -10, -15, -11, -11, -12, -14, -14, -14, -13, -12] profit : -136
Agent 2 : [-14, -16, -13, -11, -10, -10, -14, -15, -11, -11, -10, -11] profit : -146
Agent 3 : [-10, -16, -13, -11, -15, -11, -10, -11, -11, -12, -10, -10] profit : -140
Agent 4 : [-10, -12, -10, -11, -11, -12, -13, -10, -10, -10, -10, -13, -10, -11] profit : -153
Agent 5 : [-12, -12, -10, -15, -11, -10, -10, -10, -12, -10, -10] profit : -122
Agent 6 : [-10, -10, -10, -11, -10, -11, -10, -25, -14] profit : -111
Agent 7 : [-12, -11, -13, -10, -19, -10, -11, -15, -10, -14, -11, -16] profit : -152
Agent 8 : [-10, -11, -11, -11, -10, -10, -10, -12, -14, -10, -11] profit : -120
Agent 9 : [-11, -15, -11, -12, -12, -15, -17, -11, -11] profit : -115
Agent 10 : [-10, -17, -11, -14, -12, -10, -12, -10, -15] profit : -111
Agent 11 : [-10, -10, -10, -10, -10, -10, -10] profit : -70
Agent 12 : [-11, -15, -11, -10, -12, -17, -12, -13, -14] profit : -115
Agent 13 : [-12, -10, -11, -11, -14, -11, -11, -10, -13, -11, -10, -11] profit : -135
Agent 14 : [-11, -12, -10, -13, -11, -10, -10] profit : -77
Agent 15 : [-13, -12, -13, -10, -10, -11, -16, -10, -10] profit : -105
Agent 16 : [-13, -13, -10, -12, -10, -12, -10, -10] profit : -90
Agent 17 : [-16, -10, -11, -13, -11, -10, -13, -17] profit : -101
Agent 18 : [-10, -10, -10, -11, -12, -13, -10, -10, -13, -10, -10, -10, -10] profit : -139
Agent 19 : [-10, -15, -11, -10, -10, -13, -13, -10, -11, -11, -11] profit : -125
Total Profit : 2339.0 
