File Path : ../data/e05100.json
Time Elapsed : 2.38s

Num Agents : 5 | Num Tasks : 100
Selected Item Coords : [(0, 1), (0, 3), (0, 10), (0, 13), (0, 17), (0, 20), (0, 23), (0, 35), (0, 44), (0, 45), (0, 50), (0, 63), (0, 67), (0, 69), (0, 70), (0, 74), (0, 80), (0, 87), (0, 96), (1, 7), (1, 19), (1, 22), (1, 28), (1, 34), (1, 37), (1, 43), (1, 46), (1, 55), (1, 59), (1, 62), (1, 66), (1, 73), (1, 75), (1, 77), (1, 84), (1, 86), (1, 94), (2, 6), (2, 11), (2, 18), (2, 21), (2, 24), (2, 26), (2, 29), (2, 31), (2, 33), (2, 36), (2, 38), (2, 41), (2, 51), (2, 53), (2, 61), (2, 68), (2, 71), (2, 72), (2, 82), (2, 92), (2, 98), (2, 99), (3, 0), (3, 4), (3, 8), (3, 9), (3, 16), (3, 25), (3, 27), (3, 32), (3, 48), (3, 52), (3, 54), (3, 56), (3, 57), (3, 58), (3, 60), (3, 65), (3, 78), (3, 81), (3, 88), (3, 90), (3, 97), (4, 2), (4, 5), (4, 12), (4, 14), (4, 15), (4, 30), (4, 39), (4, 40), (4, 42), (4, 47), (4, 49), (4, 64), (4, 76), (4, 79), (4, 83), (4, 85), (4, 89), (4, 91), (4, 93), (4, 95)]
Number of Selected Items : 100
Selected Weights : 
Agent 0 : [7, 9, 7, 9, 4, 8, 8, 11, 10, 9, 7, 8, 6, 13, 14, 9, 5, 7, 5] total weight : 156 cap : 156
Agent 1 : [9, 7, 5, 4, 5, 6, 9, 12, 6, 8, 19, 6, 9, 14, 9, 8, 13, 10] total weight : 159 cap : 162
Agent 2 : [6, 6, 19, 16, 12, 3, 10, 8, 9, 23, 8, 11, 8, 10, 11, 10, 7, 5, 5, 9, 10, 12] total weight : 218 cap : 219
Agent 3 : [5, 9, 4, 4, 8, 13, 10, 5, 10, 12, 15, 5, 7, 4, 8, 10, 12, 8, 2, 8, 10] total weight : 169 cap : 169
Agent 4 : [6, 9, 11, 10, 12, 9, 8, 10, 5, 4, 8, 11, 11, 9, 6, 8, 9, 11, 12, 4] total weight : 173 cap : 174

Selected Profits : 
Agent 0 : [-136, -108, -138, -107, -243, -124, -116, -85, -99, -108, -141, -122, -156, -68, -64, -103, -194, -135, -191] profit : -2438
Agent 1 : [-105, -138, -191, -244, -191, -163, -110, -79, -159, -123, -47, -156, -111, -67, -101, -120, -75, -98] profit : -2278
Agent 2 : [-157, -158, -45, -59, -76, -323, -98, -115, -106, -42, -115, -82, -120, -92, -81, -92, -137, -198, -194, -106, -92, -78] profit : -2566
Agent 3 : [-198, -106, -244, -243, -115, -73, -90, -193, -100, -75, -56, -197, -132, -240, -120, -96, -78, -124, -491, -119, -99] profit : -3189
Agent 4 : [-160, -106, -89, -93, -74, -104, -123, -93, -190, -247, -115, -81, -85, -107, -156, -122, -108, -88, -76, -243] profit : -2460
Total Profit : 12931.0 
