File Path : ../data/gapb_2.json
Time Elapsed : 2.34s

Num Agents : 10 | Num Tasks : 100
Selected Item Coords : [(0, 10), (0, 18), (0, 21), (0, 27), (0, 34), (0, 35), (0, 58), (0, 60), (0, 68), (0, 76), (1, 15), (1, 23), (1, 24), (1, 26), (1, 36), (1, 43), (1, 63), (1, 65), (1, 88), (1, 92), (2, 11), (2, 20), (2, 22), (2, 49), (2, 52), (2, 56), (2, 80), (2, 87), (2, 95), (3, 6), (3, 7), (3, 14), (3, 29), (3, 32), (3, 48), (3, 69), (3, 77), (3, 85), (3, 86), (3, 98), (4, 9), (4, 16), (4, 40), (4, 42), (4, 53), (4, 74), (4, 78), (4, 83), (4, 90), (5, 28), (5, 33), (5, 45), (5, 57), (5, 59), (5, 61), (5, 71), (5, 75), (5, 93), (6, 25), (6, 30), (6, 31), (6, 41), (6, 46), (6, 54), (6, 64), (6, 70), (6, 89), (6, 96), (7, 0), (7, 2), (7, 3), (7, 12), (7, 19), (7, 50), (7, 62), (7, 66), (7, 67), (7, 72), (8, 1), (8, 8), (8, 17), (8, 38), (8, 39), (8, 51), (8, 84), (8, 94), (8, 99), (9, 4), (9, 5), (9, 13), (9, 37), (9, 44), (9, 47), (9, 55), (9, 73), (9, 79), (9, 81), (9, 82), (9, 91), (9, 97)]
Number of Selected Items : 100
Selected Weights : 
Agent 0 : [12, 7, 14, 15, 18, 9, 21, 11, 8, 16] total weight : 131 cap : 131
Agent 1 : [6, 20, 25, 12, 20, 9, 10, 15, 5, 6] total weight : 128 cap : 131
Agent 2 : [11, 12, 22, 10, 15, 5, 16, 13, 25] total weight : 129 cap : 131
Agent 3 : [7, 5, 16, 11, 13, 8, 14, 14, 14, 18, 9] total weight : 129 cap : 131
Agent 4 : [22, 7, 23, 21, 15, 13, 9, 5, 16] total weight : 131 cap : 131
Agent 5 : [7, 14, 20, 19, 12, 14, 9, 14, 16] total weight : 125 cap : 131
Agent 6 : [18, 10, 10, 14, 17, 11, 11, 20, 6, 12] total weight : 129 cap : 131
Agent 7 : [7, 19, 23, 9, 9, 22, 12, 6, 12, 11] total weight : 130 cap : 131
Agent 8 : [7, 6, 24, 8, 7, 19, 14, 13, 11] total weight : 109 cap : 131
Agent 9 : [19, 6, 7, 11, 9, 10, 10, 9, 5, 8, 6, 9, 17] total weight : 126 cap : 131

Selected Profits : 
Agent 0 : [-16, -10, -12, -12, -15, -14, -19, -20, -19, -10] profit : -147
Agent 1 : [-15, -10, -10, -16, -18, -13, -11, -12, -15, -10] profit : -130
Agent 2 : [-23, -13, -17, -16, -12, -21, -13, -11, -11] profit : -137
Agent 3 : [-14, -16, -10, -14, -10, -15, -13, -26, -21, -10, -11] profit : -160
Agent 4 : [-12, -19, -14, -14, -17, -12, -10, -19, -17] profit : -134
Agent 5 : [-12, -12, -12, -13, -18, -10, -15, -13, -12] profit : -117
Agent 6 : [-17, -17, -12, -11, -12, -11, -12, -12, -20, -19] profit : -143
Agent 7 : [-18, -14, -11, -11, -13, -11, -13, -12, -13, -12] profit : -128
Agent 8 : [-19, -11, -11, -15, -10, -12, -10, -12, -15] profit : -115
Agent 9 : [-12, -18, -10, -20, -13, -13, -11, -14, -13, -11, -26, -21, -14] profit : -196
Total Profit : 1407.0 
