File Path : ../data/gapc_1.json
Time Elapsed : 2.74s

Num Agents : 5 | Num Tasks : 200
Selected Item Coords : [(0, 1), (0, 6), (0, 14), (0, 15), (0, 19), (0, 20), (0, 28), (0, 31), (0, 32), (0, 35), (0, 36), (0, 38), (0, 41), (0, 50), (0, 54), (0, 59), (0, 63), (0, 66), (0, 73), (0, 77), (0, 78), (0, 99), (0, 102), (0, 111), (0, 124), (0, 126), (0, 131), (0, 132), (0, 133), (0, 144), (0, 157), (0, 159), (0, 162), (0, 163), (0, 175), (0, 178), (0, 180), (0, 186), (0, 191), (0, 192), (0, 198), (1, 0), (1, 13), (1, 22), (1, 24), (1, 30), (1, 39), (1, 42), (1, 55), (1, 58), (1, 61), (1, 65), (1, 69), (1, 82), (1, 90), (1, 92), (1, 94), (1, 95), (1, 96), (1, 101), (1, 104), (1, 105), (1, 107), (1, 113), (1, 116), (1, 120), (1, 121), (1, 125), (1, 127), (1, 128), (1, 130), (1, 142), (1, 145), (1, 153), (1, 161), (1, 164), (1, 171), (1, 182), (1, 184), (1, 195), (1, 196), (1, 197), (2, 5), (2, 7), (2, 9), (2, 11), (2, 16), (2, 33), (2, 34), (2, 43), (2, 51), (2, 56), (2, 57), (2, 62), (2, 67), (2, 68), (2, 72), (2, 74), (2, 75), (2, 76), (2, 79), (2, 83), (2, 89), (2, 91), (2, 106), (2, 114), (2, 117), (2, 118), (2, 134), (2, 135), (2, 139), (2, 141), (2, 148), (2, 167), (2, 169), (2, 174), (2, 187), (2, 189), (2, 194), (3, 8), (3, 12), (3, 25), (3, 26), (3, 37), (3, 40), (3, 44), (3, 45), (3, 46), (3, 47), (3, 49), (3, 52), (3, 53), (3, 70), (3, 85), (3, 87), (3, 93), (3, 98), (3, 100), (3, 109), (3, 115), (3, 119), (3, 123), (3, 136), (3, 146), (3, 149), (3, 150), (3, 151), (3, 152), (3, 154), (3, 156), (3, 165), (3, 166), (3, 170), (3, 179), (3, 183), (3, 185), (3, 193), (3, 199), (4, 2), (4, 3), (4, 4), (4, 10), (4, 17), (4, 18), (4, 21), (4, 23), (4, 27), (4, 29), (4, 48), (4, 60), (4, 64), (4, 71), (4, 80), (4, 81), (4, 84), (4, 86), (4, 88), (4, 97), (4, 103), (4, 108), (4, 110), (4, 112), (4, 122), (4, 129), (4, 137), (4, 138), (4, 140), (4, 143), (4, 147), (4, 155), (4, 158), (4, 160), (4, 168), (4, 172), (4, 173), (4, 176), (4, 177), (4, 181), (4, 188), (4, 190)]
Number of Selected Items : 200
Selected Weights : 
Agent 0 : [9, 16, 11, 17, 13, 8, 16, 14, 20, 6, 5, 24, 5, 7, 14, 8, 14, 8, 8, 23, 15, 11, 5, 9, 14, 8, 5, 14, 10, 12, 13, 5, 5, 9, 6, 14, 10, 12, 14, 7, 10] total weight : 454 cap : 464
Agent 1 : [16, 7, 12, 10, 7, 6, 7, 15, 5, 6, 7, 7, 8, 5, 8, 14, 22, 14, 15, 25, 5, 19, 6, 19, 13, 22, 16, 10, 11, 14, 12, 19, 6, 24, 13, 9, 6, 7, 7, 7, 23] total weight : 484 cap : 485
Agent 2 : [19, 17, 8, 14, 18, 5, 15, 13, 17, 21, 19, 8, 17, 6, 24, 8, 13, 17, 13, 14, 23, 25, 9, 16, 9, 8, 6, 19, 21, 8, 9, 5, 9, 12, 13, 19, 7] total weight : 504 cap : 505
Agent 3 : [24, 5, 7, 13, 25, 21, 13, 9, 6, 12, 8, 6, 14, 20, 16, 12, 13, 15, 15, 7, 12, 5, 6, 25, 7, 8, 9, 13, 8, 22, 12, 6, 6, 19, 17, 13, 17, 23, 5] total weight : 494 cap : 495
Agent 4 : [14, 13, 18, 6, 7, 11, 19, 24, 6, 8, 6, 7, 12, 15, 13, 12, 7, 12, 19, 12, 25, 5, 6, 7, 7, 8, 16, 10, 9, 8, 18, 16, 6, 9, 11, 9, 6, 10, 9, 18, 21, 24] total weight : 499 cap : 503

Selected Profits : 
Agent 0 : [-10, -15, -17, -11, -14, -23, -10, -10, -13, -12, -20, -12, -28, -16, -14, -13, -30, -14, -25, -18, -19, -29, -15, -21, -14, -14, -19, -15, -16, -25, -11, -16, -20, -17, -21, -11, -20, -24, -24, -13, -10] profit : -699
Agent 1 : [-14, -24, -32, -25, -14, -11, -11, -10, -26, -10, -11, -19, -24, -20, -16, -16, -11, -15, -22, -14, -13, -11, -21, -11, -12, -34, -12, -27, -23, -21, -11, -11, -15, -10, -18, -18, -35, -10, -13, -16, -13] profit : -700
Agent 2 : [-14, -18, -10, -20, -23, -10, -11, -13, -26, -18, -18, -23, -10, -24, -14, -32, -14, -10, -22, -14, -17, -12, -24, -30, -13, -15, -21, -12, -14, -20, -10, -11, -16, -29, -17, -13, -13] profit : -631
Agent 3 : [-17, -20, -18, -11, -14, -11, -14, -12, -23, -10, -25, -27, -14, -27, -10, -10, -11, -22, -16, -21, -17, -23, -31, -11, -12, -22, -42, -12, -17, -14, -17, -29, -26, -13, -39, -13, -20, -13, -19] profit : -723
Agent 4 : [-11, -14, -16, -29, -20, -25, -14, -13, -15, -18, -44, -10, -12, -19, -27, -10, -26, -11, -17, -27, -13, -11, -28, -11, -21, -19, -21, -10, -15, -13, -21, -17, -13, -15, -20, -10, -16, -33, -14, -25, -11, -12] profit : -747
Total Profit : 3500.0 
