File Path : ../data/gapc_2.json
Time Elapsed : 2.33s

Num Agents : 10 | Num Tasks : 100
Selected Item Coords : [(0, 5), (0, 40), (0, 47), (0, 49), (0, 64), (0, 68), (0, 72), (0, 85), (0, 88), (0, 97), (1, 16), (1, 18), (1, 26), (1, 32), (1, 33), (1, 38), (1, 48), (1, 54), (1, 83), (1, 90), (2, 3), (2, 27), (2, 31), (2, 37), (2, 52), (2, 57), (2, 69), (2, 78), (2, 92), (3, 1), (3, 2), (3, 11), (3, 21), (3, 45), (3, 60), (3, 62), (3, 74), (3, 96), (3, 99), (4, 17), (4, 19), (4, 22), (4, 34), (4, 41), (4, 51), (4, 61), (4, 67), (4, 75), (4, 80), (5, 12), (5, 29), (5, 46), (5, 58), (5, 63), (5, 70), (5, 79), (5, 81), (5, 86), (6, 10), (6, 28), (6, 43), (6, 50), (6, 56), (6, 76), (6, 82), (6, 89), (6, 94), (7, 7), (7, 9), (7, 14), (7, 20), (7, 36), (7, 42), (7, 44), (7, 55), (7, 65), (7, 77), (7, 91), (7, 93), (8, 0), (8, 8), (8, 23), (8, 25), (8, 30), (8, 35), (8, 39), (8, 87), (8, 95), (8, 98), (9, 4), (9, 6), (9, 13), (9, 15), (9, 24), (9, 53), (9, 59), (9, 66), (9, 71), (9, 73), (9, 84)]
Number of Selected Items : 100
Selected Weights : 
Agent 0 : [5, 12, 7, 18, 18, 20, 14, 7, 6, 7] total weight : 114 cap : 115
Agent 1 : [12, 6, 6, 25, 15, 8, 7, 11, 9, 12] total weight : 111 cap : 111
Agent 2 : [17, 17, 5, 8, 20, 9, 15, 14, 12] total weight : 117 cap : 121
Agent 3 : [8, 10, 17, 10, 17, 9, 13, 14, 10, 13] total weight : 121 cap : 121
Agent 4 : [5, 21, 16, 13, 11, 6, 14, 12, 7, 15] total weight : 120 cap : 120
Agent 5 : [21, 7, 6, 15, 16, 19, 8, 12, 9] total weight : 113 cap : 114
Agent 6 : [12, 8, 5, 18, 12, 12, 5, 12, 23] total weight : 107 cap : 112
Agent 7 : [11, 5, 6, 6, 9, 13, 5, 14, 6, 6, 6, 25] total weight : 112 cap : 112
Agent 8 : [12, 5, 5, 16, 12, 21, 13, 8, 14, 20] total weight : 126 cap : 126
Agent 9 : [8, 6, 9, 16, 16, 6, 15, 20, 7, 7, 8] total weight : 118 cap : 118

Selected Profits : 
Agent 0 : [-12, -10, -16, -12, -10, -12, -17, -19, -12, -14] profit : -134
Agent 1 : [-15, -17, -11, -10, -12, -28, -14, -12, -24, -13] profit : -156
Agent 2 : [-11, -11, -18, -15, -11, -12, -11, -16, -12] profit : -117
Agent 3 : [-18, -11, -11, -11, -16, -20, -16, -10, -19, -13] profit : -145
Agent 4 : [-14, -14, -10, -11, -17, -14, -13, -12, -11, -10] profit : -126
Agent 5 : [-18, -31, -11, -14, -17, -10, -11, -10, -13] profit : -135
Agent 6 : [-15, -12, -10, -13, -10, -12, -16, -20, -17] profit : -125
Agent 7 : [-14, -12, -17, -12, -18, -12, -18, -14, -25, -11, -13, -14] profit : -180
Agent 8 : [-15, -24, -23, -13, -11, -12, -11, -14, -13, -12] profit : -148
Agent 9 : [-16, -12, -10, -12, -12, -17, -15, -10, -12, -14, -14] profit : -144
Total Profit : 1410.0 
