File Path : ../data/e20200.json
Time Elapsed : 2.65s

Num Agents : 20 | Num Tasks : 200
Selected Item Coords : [(0, 1), (0, 4), (0, 39), (0, 67), (0, 79), (0, 87), (0, 107), (0, 159), (0, 165), (0, 199), (1, 31), (1, 33), (1, 51), (1, 58), (1, 104), (1, 114), (1, 115), (1, 157), (1, 160), (1, 181), (1, 190), (2, 71), (2, 83), (2, 89), (2, 97), (2, 127), (2, 130), (2, 153), (2, 162), (2, 179), (3, 12), (3, 14), (3, 38), (3, 62), (3, 116), (3, 143), (3, 155), (3, 171), (3, 196), (4, 3), (4, 7), (4, 17), (4, 76), (4, 95), (4, 105), (4, 135), (4, 168), (4, 173), (4, 187), (5, 27), (5, 35), (5, 36), (5, 46), (5, 65), (5, 70), (5, 74), (5, 113), (5, 158), (5, 185), (6, 47), (6, 48), (6, 50), (6, 57), (6, 126), (6, 140), (6, 148), (6, 156), (6, 180), (6, 197), (7, 0), (7, 42), (7, 75), (7, 91), (7, 119), (7, 122), (7, 147), (7, 152), (7, 176), (7, 188), (8, 11), (8, 13), (8, 20), (8, 78), (8, 88), (8, 111), (8, 123), (8, 136), (8, 145), (9, 2), (9, 5), (9, 23), (9, 29), (9, 49), (9, 54), (9, 69), (9, 96), (9, 120), (9, 191), (10, 18), (10, 37), (10, 41), (10, 56), (10, 68), (10, 72), (10, 92), (10, 124), (10, 142), (10, 169), (10, 172), (10, 184), (11, 15), (11, 26), (11, 32), (11, 52), (11, 55), (11, 84), (11, 103), (11, 128), (11, 178), (11, 189), (12, 22), (12, 43), (12, 80), (12, 82), (12, 86), (12, 102), (12, 118), (12, 138), (12, 149), (12, 164), (12, 170), (13, 10), (13, 24), (13, 44), (13, 45), (13, 100), (13, 129), (13, 133), (13, 166), (13, 177), (13, 194), (14, 9), (14, 16), (14, 63), (14, 77), (14, 85), (14, 106), (14, 109), (14, 141), (14, 195), (15, 81), (15, 99), (15, 101), (15, 110), (15, 137), (15, 139), (15, 144), (15, 150), (15, 163), (15, 186), (15, 192), (16, 8), (16, 25), (16, 40), (16, 66), (16, 90), (16, 93), (16, 131), (16, 132), (16, 161), (17, 6), (17, 28), (17, 53), (17, 59), (17, 73), (17, 94), (17, 134), (17, 167), (17, 174), (17, 175), (17, 183), (18, 34), (18, 60), (18, 64), (18, 98), (18, 117), (18, 146), (18, 151), (18, 182), (18, 193), (18, 198), (19, 19), (19, 21), (19, 30), (19, 61), (19, 108), (19, 112), (19, 121), (19, 125), (19, 154)]
Number of Selected Items : 200
Selected Weights : 
Agent 0 : [7, 7, 10, 6, 7, 7, 9, 8, 5, 13] total weight : 79 cap : 79
Agent 1 : [8, 9, 8, 3, 9, 11, 16, 7, 8, 8, 8] total weight : 95 cap : 97
Agent 2 : [10, 6, 9, 6, 11, 7, 7, 12, 12] total weight : 80 cap : 81
Agent 3 : [8, 9, 8, 9, 10, 8, 12, 8, 9] total weight : 81 cap : 82
Agent 4 : [9, 7, 15, 7, 9, 9, 7, 9, 13, 6] total weight : 91 cap : 91
Agent 5 : [10, 10, 5, 12, 8, 6, 9, 9, 11, 10] total weight : 90 cap : 90
Agent 6 : [8, 8, 9, 7, 7, 6, 5, 8, 9, 12] total weight : 79 cap : 79
Agent 7 : [7, 9, 8, 11, 8, 6, 11, 7, 8, 7] total weight : 82 cap : 82
Agent 8 : [12, 13, 8, 9, 4, 8, 6, 10, 8] total weight : 78 cap : 78
Agent 9 : [11, 8, 9, 8, 7, 8, 9, 7, 9, 6] total weight : 82 cap : 82
Agent 10 : [9, 8, 8, 7, 6, 8, 7, 8, 7, 7, 7, 4] total weight : 86 cap : 87
Agent 11 : [7, 7, 6, 8, 8, 8, 13, 10, 6, 9] total weight : 82 cap : 82
Agent 12 : [9, 7, 6, 6, 9, 7, 9, 8, 6, 10, 11] total weight : 88 cap : 88
Agent 13 : [7, 9, 9, 8, 7, 8, 9, 9, 8, 6] total weight : 80 cap : 80
Agent 14 : [10, 8, 12, 10, 8, 9, 10, 6, 9] total weight : 82 cap : 82
Agent 15 : [9, 6, 9, 7, 8, 10, 12, 7, 8, 10, 7] total weight : 93 cap : 93
Agent 16 : [9, 11, 11, 15, 7, 7, 9, 8, 9] total weight : 86 cap : 89
Agent 17 : [10, 7, 6, 9, 10, 6, 11, 12, 6, 7, 5] total weight : 89 cap : 89
Agent 18 : [8, 9, 11, 8, 10, 6, 13, 6, 7, 11] total weight : 89 cap : 89
Agent 19 : [6, 13, 11, 8, 8, 7, 9, 8, 10] total weight : 80 cap : 80

Selected Profits : 
Agent 0 : [-135, -133, -98, -156, -132, -133, -109, -118, -192, -70] profit : -1276
Agent 1 : [-115, -102, -117, -332, -101, -83, -52, -136, -119, -121, -124] profit : -1402
Agent 2 : [-91, -165, -102, -162, -85, -135, -138, -81, -73] profit : -1032
Agent 3 : [-116, -108, -116, -103, -98, -116, -79, -116, -107] profit : -959
Agent 4 : [-104, -136, -62, -137, -103, -106, -132, -101, -73, -161] profit : -1115
Agent 5 : [-93, -90, -191, -74, -122, -156, -106, -103, -83, -91] profit : -1109
Agent 6 : [-121, -116, -104, -137, -136, -162, -194, -115, -111, -77] profit : -1273
Agent 7 : [-137, -103, -119, -87, -116, -165, -83, -138, -124, -132] profit : -1204
Agent 8 : [-80, -72, -115, -107, -240, -118, -156, -93, -124] profit : -1105
Agent 9 : [-86, -120, -105, -115, -141, -121, -109, -139, -106, -162] profit : -1204
Agent 10 : [-106, -119, -125, -135, -158, -117, -136, -116, -139, -138, -140, -246] profit : -1675
Agent 11 : [-136, -141, -158, -115, -124, -123, -71, -93, -163, -101] profit : -1225
Agent 12 : [-103, -138, -163, -156, -109, -134, -106, -123, -157, -95, -88] profit : -1372
Agent 13 : [-132, -108, -108, -124, -141, -122, -105, -106, -117, -156] profit : -1219
Agent 14 : [-91, -124, -82, -90, -121, -107, -99, -158, -108] profit : -980
Agent 15 : [-105, -165, -106, -141, -117, -91, -78, -137, -122, -93, -134] profit : -1289
Agent 16 : [-105, -82, -85, -63, -137, -141, -110, -118, -104] profit : -945
Agent 17 : [-96, -136, -164, -103, -90, -157, -84, -77, -161, -134, -195] profit : -1397
Agent 18 : [-120, -106, -80, -120, -92, -157, -74, -158, -134, -81] profit : -1122
Agent 19 : [-158, -66, -83, -119, -118, -133, -107, -122, -96] profit : -1002
Total Profit : 23905.0 
