File Path : ../data/yag_200_5_2.json
Time Elapsed : 2.67s

Num Agents : 5 | Num Tasks : 200
Selected Item Coords : [(0, 6), (0, 7), (0, 11), (0, 20), (0, 21), (0, 23), (0, 37), (0, 42), (0, 51), (0, 55), (0, 57), (0, 62), (0, 66), (0, 72), (0, 74), (0, 80), (0, 89), (0, 98), (0, 100), (0, 104), (0, 109), (0, 111), (0, 113), (0, 114), (0, 120), (0, 122), (0, 127), (0, 128), (0, 131), (0, 145), (0, 149), (0, 150), (0, 159), (0, 170), (0, 176), (0, 178), (0, 186), (0, 198), (1, 1), (1, 2), (1, 4), (1, 8), (1, 9), (1, 18), (1, 19), (1, 26), (1, 30), (1, 32), (1, 38), (1, 44), (1, 50), (1, 53), (1, 58), (1, 60), (1, 65), (1, 76), (1, 77), (1, 90), (1, 95), (1, 106), (1, 115), (1, 116), (1, 126), (1, 129), (1, 130), (1, 146), (1, 151), (1, 152), (1, 162), (1, 165), (1, 168), (1, 174), (1, 175), (1, 177), (1, 179), (1, 180), (1, 183), (1, 185), (1, 190), (1, 193), (1, 194), (1, 196), (2, 0), (2, 5), (2, 13), (2, 17), (2, 29), (2, 31), (2, 34), (2, 39), (2, 45), (2, 63), (2, 68), (2, 70), (2, 73), (2, 79), (2, 81), (2, 82), (2, 85), (2, 88), (2, 92), (2, 94), (2, 96), (2, 103), (2, 110), (2, 121), (2, 134), (2, 138), (2, 140), (2, 141), (2, 142), (2, 148), (2, 153), (2, 156), (2, 158), (2, 166), (2, 171), (2, 173), (2, 181), (2, 187), (2, 189), (3, 3), (3, 14), (3, 15), (3, 22), (3, 25), (3, 28), (3, 33), (3, 35), (3, 36), (3, 48), (3, 52), (3, 54), (3, 56), (3, 61), (3, 64), (3, 71), (3, 75), (3, 83), (3, 86), (3, 87), (3, 91), (3, 101), (3, 102), (3, 108), (3, 119), (3, 124), (3, 125), (3, 132), (3, 136), (3, 137), (3, 143), (3, 144), (3, 154), (3, 157), (3, 163), (3, 167), (3, 169), (3, 191), (3, 192), (3, 195), (3, 197), (4, 10), (4, 12), (4, 16), (4, 24), (4, 27), (4, 40), (4, 41), (4, 43), (4, 46), (4, 47), (4, 49), (4, 59), (4, 67), (4, 69), (4, 78), (4, 84), (4, 93), (4, 97), (4, 99), (4, 105), (4, 107), (4, 112), (4, 117), (4, 118), (4, 123), (4, 133), (4, 135), (4, 139), (4, 147), (4, 155), (4, 160), (4, 161), (4, 164), (4, 172), (4, 182), (4, 184), (4, 188), (4, 199)]
Number of Selected Items : 200
Selected Weights : 
Agent 0 : [32, 4, 42, 52, 68, 61, 40, 17, 12, 23, 3, 32, 32, 25, 32, 33, 25, 5, 28, 24, 63, 11, 99, 46, 28, 80, 40, 82, 43, 48, 14, 64, 37, 61, 84, 49, 39, 49] total weight : 1527 cap : 1540
Agent 1 : [8, 14, 52, 62, 20, 90, 43, 31, 3, 29, 17, 25, 64, 6, 22, 39, 28, 27, 59, 85, 3, 31, 2, 88, 20, 28, 4, 58, 68, 62, 45, 48, 5, 41, 46, 32, 39, 10, 8, 35, 55, 85, 6, 47] total weight : 1590 cap : 1591
Agent 2 : [38, 61, 56, 37, 73, 47, 2, 53, 58, 14, 55, 27, 82, 15, 26, 20, 89, 29, 62, 4, 60, 54, 87, 26, 64, 32, 9, 4, 66, 55, 70, 30, 9, 8, 8, 30, 9, 34, 41] total weight : 1544 cap : 1549
Agent 3 : [14, 51, 80, 44, 1, 47, 13, 26, 14, 35, 50, 49, 26, 80, 81, 18, 11, 45, 26, 42, 30, 35, 23, 94, 2, 25, 37, 40, 1, 46, 25, 49, 30, 57, 32, 8, 36, 43, 60, 38, 16] total weight : 1480 cap : 1483
Agent 4 : [42, 42, 63, 5, 46, 55, 53, 9, 2, 22, 52, 83, 20, 53, 62, 58, 45, 32, 80, 56, 84, 50, 7, 1, 13, 81, 75, 2, 57, 54, 99, 42, 64, 2, 15, 90, 18, 3] total weight : 1637 cap : 1643

Selected Profits : 
Agent 0 : [-82, -103, -59, -57, -51, -44, -70, -92, -91, -88, -98, -75, -77, -77, -73, -80, -80, -104, -79, -93, -45, -95, -2, -60, -76, -28, -66, -22, -67, -62, -92, -40, -71, -40, -19, -56, -69, -55] profit : -2538
Agent 1 : [-93, -88, -53, -54, -86, -14, -58, -70, -99, -73, -97, -79, -53, -97, -83, -69, -78, -81, -45, -16, -98, -79, -108, -21, -81, -78, -98, -45, -34, -40, -60, -63, -104, -63, -56, -78, -67, -98, -93, -66, -51, -23, -95, -56] profit : -3041
Agent 2 : [-66, -42, -50, -68, -34, -55, -101, -59, -57, -87, -49, -77, -26, -86, -75, -97, -13, -79, -44, -108, -46, -48, -24, -78, -40, -85, -94, -102, -35, -50, -46, -73, -106, -100, -94, -82, -110, -73, -70] profit : -2629
Agent 3 : [-91, -61, -35, -67, -117, -55, -99, -81, -105, -79, -62, -55, -76, -23, -21, -96, -93, -62, -81, -64, -89, -74, -85, -7, -103, -95, -81, -67, -100, -56, -84, -56, -71, -53, -71, -95, -71, -69, -54, -63, -86] profit : -2953
Agent 4 : [-62, -75, -50, -98, -55, -47, -52, -100, -114, -81, -57, -20, -87, -51, -43, -55, -61, -74, -25, -57, -17, -56, -94, -113, -94, -39, -29, -99, -51, -48, -3, -61, -37, -100, -89, -18, -90, -114] profit : -2416
Total Profit : 13577.0 
