File Path : ../data/e10100.json
Time Elapsed : 2.74s

Num Agents : 10 | Num Tasks : 100
Selected Item Coords : [(0, 10), (0, 13), (0, 45), (0, 48), (0, 63), (0, 77), (0, 79), (0, 82), (0, 91), (1, 14), (1, 36), (1, 37), (1, 43), (1, 50), (1, 54), (1, 59), (1, 76), (1, 86), (1, 94), (2, 6), (2, 15), (2, 24), (2, 27), (2, 29), (2, 31), (2, 33), (2, 51), (2, 61), (2, 69), (2, 92), (2, 98), (3, 16), (3, 25), (3, 32), (3, 41), (3, 65), (3, 72), (3, 78), (3, 90), (3, 99), (4, 19), (4, 30), (4, 34), (4, 40), (4, 64), (4, 71), (4, 73), (4, 83), (4, 85), (4, 89), (5, 1), (5, 4), (5, 9), (5, 17), (5, 26), (5, 53), (5, 62), (5, 81), (5, 88), (6, 0), (6, 12), (6, 20), (6, 28), (6, 39), (6, 46), (6, 58), (6, 75), (6, 84), (6, 93), (7, 3), (7, 7), (7, 47), (7, 52), (7, 57), (7, 66), (7, 87), (7, 95), (7, 96), (8, 18), (8, 23), (8, 38), (8, 42), (8, 44), (8, 49), (8, 60), (8, 68), (8, 70), (8, 74), (8, 80), (9, 2), (9, 5), (9, 8), (9, 11), (9, 21), (9, 22), (9, 35), (9, 55), (9, 56), (9, 67), (9, 97)]
Number of Selected Items : 100
Selected Weights : 
Agent 0 : [7, 9, 9, 13, 8, 8, 7, 11, 6] total weight : 78 cap : 78
Agent 1 : [10, 3, 6, 9, 8, 9, 8, 5, 13, 10] total weight : 81 cap : 81
Agent 2 : [6, 5, 12, 7, 10, 8, 9, 8, 11, 13, 9, 10] total weight : 108 cap : 109
Agent 3 : [8, 13, 5, 6, 10, 12, 12, 8, 10] total weight : 84 cap : 84
Agent 4 : [8, 9, 8, 10, 11, 10, 8, 6, 8, 9] total weight : 87 cap : 87
Agent 5 : [7, 9, 9, 6, 10, 7, 12, 12, 3] total weight : 75 cap : 76
Agent 6 : [6, 8, 14, 6, 16, 10, 6, 10, 7, 11] total weight : 94 cap : 94
Agent 7 : [8, 7, 6, 5, 7, 9, 6, 11, 9] total weight : 68 cap : 69
Agent 8 : [12, 10, 10, 6, 6, 8, 8, 11, 7, 8, 8] total weight : 94 cap : 95
Agent 9 : [6, 9, 9, 6, 8, 10, 7, 8, 9, 7, 8] total weight : 87 cap : 87

Selected Profits : 
Agent 0 : [-139, -101, -104, -75, -125, -115, -136, -86, -161] profit : -1042
Agent 1 : [-98, -331, -158, -103, -118, -101, -120, -195, -74, -96] profit : -1394
Agent 2 : [-159, -191, -73, -141, -90, -124, -106, -123, -80, -74, -101, -92] profit : -1354
Agent 3 : [-119, -74, -192, -158, -95, -75, -76, -121, -92] profit : -1002
Agent 4 : [-115, -109, -116, -99, -84, -90, -118, -162, -120, -108] profit : -1121
Agent 5 : [-139, -109, -107, -164, -94, -132, -73, -76, -327] profit : -1221
Agent 6 : [-158, -125, -66, -161, -55, -90, -157, -95, -133, -80] profit : -1120
Agent 7 : [-120, -136, -158, -191, -132, -101, -162, -86, -107] profit : -1193
Agent 8 : [-80, -95, -99, -159, -156, -119, -115, -87, -135, -115, -115] profit : -1275
Agent 9 : [-164, -104, -104, -163, -117, -96, -139, -116, -107, -140, -116] profit : -1366
Total Profit : 12088.0 
