File Path : ../data/gapc_3.json
Time Elapsed : 2.65s

Num Agents : 10 | Num Tasks : 200
Selected Item Coords : [(0, 0), (0, 48), (0, 54), (0, 71), (0, 76), (0, 84), (0, 91), (0, 92), (0, 99), (0, 102), (0, 109), (0, 123), (0, 131), (0, 141), (0, 143), (0, 144), (0, 150), (0, 155), (0, 156), (0, 177), (0, 182), (1, 23), (1, 25), (1, 36), (1, 50), (1, 63), (1, 74), (1, 75), (1, 79), (1, 80), (1, 100), (1, 103), (1, 118), (1, 122), (1, 138), (1, 151), (1, 160), (1, 164), (1, 165), (1, 167), (1, 191), (1, 192), (2, 30), (2, 33), (2, 53), (2, 65), (2, 68), (2, 70), (2, 86), (2, 89), (2, 96), (2, 106), (2, 112), (2, 124), (2, 128), (2, 130), (2, 136), (2, 145), (2, 148), (2, 180), (2, 187), (2, 196), (3, 6), (3, 15), (3, 16), (3, 47), (3, 59), (3, 62), (3, 101), (3, 108), (3, 110), (3, 114), (3, 126), (3, 133), (3, 139), (3, 140), (3, 154), (3, 157), (3, 158), (3, 172), (3, 176), (3, 189), (3, 197), (4, 1), (4, 2), (4, 11), (4, 17), (4, 21), (4, 39), (4, 40), (4, 42), (4, 82), (4, 87), (4, 97), (4, 98), (4, 115), (4, 119), (4, 132), (4, 166), (4, 170), (4, 188), (4, 190), (5, 5), (5, 8), (5, 19), (5, 28), (5, 49), (5, 64), (5, 66), (5, 69), (5, 72), (5, 83), (5, 85), (5, 93), (5, 116), (5, 125), (5, 137), (5, 146), (5, 149), (5, 168), (5, 169), (5, 173), (5, 198), (6, 10), (6, 12), (6, 27), (6, 34), (6, 35), (6, 43), (6, 45), (6, 46), (6, 55), (6, 77), (6, 81), (6, 94), (6, 95), (6, 113), (6, 134), (6, 159), (6, 175), (6, 179), (7, 3), (7, 4), (7, 13), (7, 32), (7, 56), (7, 60), (7, 78), (7, 88), (7, 111), (7, 117), (7, 142), (7, 152), (7, 153), (7, 163), (7, 185), (7, 186), (7, 193), (7, 194), (8, 9), (8, 18), (8, 22), (8, 24), (8, 29), (8, 38), (8, 41), (8, 44), (8, 51), (8, 57), (8, 67), (8, 73), (8, 90), (8, 104), (8, 105), (8, 120), (8, 127), (8, 147), (8, 161), (8, 178), (8, 195), (8, 199), (9, 7), (9, 14), (9, 20), (9, 26), (9, 31), (9, 37), (9, 52), (9, 58), (9, 61), (9, 107), (9, 121), (9, 129), (9, 135), (9, 162), (9, 171), (9, 174), (9, 181), (9, 183), (9, 184)]
Number of Selected Items : 200
Selected Weights : 
Agent 0 : [7, 19, 9, 7, 5, 11, 22, 7, 15, 5, 10, 5, 18, 17, 7, 7, 5, 8, 21, 6, 16] total weight : 227 cap : 236
Agent 1 : [13, 9, 7, 14, 14, 7, 6, 17, 11, 7, 15, 14, 16, 11, 15, 7, 10, 16, 14, 15, 10] total weight : 248 cap : 248
Agent 2 : [6, 16, 9, 8, 12, 10, 8, 8, 11, 6, 5, 14, 22, 14, 20, 24, 6, 10, 21, 10] total weight : 240 cap : 241
Agent 3 : [17, 13, 6, 8, 15, 6, 5, 6, 8, 20, 5, 18, 12, 16, 8, 21, 20, 5, 10, 6, 11] total weight : 236 cap : 240
Agent 4 : [18, 10, 7, 10, 7, 10, 5, 7, 21, 11, 15, 19, 9, 9, 7, 13, 18, 19, 22] total weight : 237 cap : 238
Agent 5 : [21, 9, 13, 14, 15, 9, 7, 7, 5, 14, 7, 11, 18, 20, 17, 12, 5, 12, 6, 10, 11] total weight : 243 cap : 243
Agent 6 : [7, 7, 24, 14, 6, 9, 11, 12, 12, 12, 15, 16, 14, 10, 13, 19, 21, 16] total weight : 238 cap : 238
Agent 7 : [8, 7, 13, 14, 13, 6, 21, 18, 22, 19, 16, 7, 17, 6, 19, 13, 8, 8] total weight : 235 cap : 239
Agent 8 : [10, 5, 10, 10, 12, 9, 7, 8, 6, 6, 6, 22, 9, 19, 9, 16, 16, 7, 8, 7, 8, 18] total weight : 228 cap : 229
Agent 9 : [13, 5, 24, 9, 12, 19, 17, 7, 6, 11, 17, 12, 10, 10, 7, 5, 21, 6, 18] total weight : 229 cap : 233

Selected Profits : 
Agent 0 : [-15, -16, -18, -19, -12, -11, -12, -17, -11, -16, -14, -20, -12, -13, -12, -11, -29, -21, -22, -15, -13] profit : -329
Agent 1 : [-10, -18, -10, -13, -16, -14, -16, -20, -12, -16, -16, -14, -15, -16, -11, -23, -11, -13, -12, -10, -14] profit : -300
Agent 2 : [-12, -21, -12, -17, -17, -10, -20, -10, -25, -14, -13, -19, -14, -18, -10, -10, -23, -14, -20, -18] profit : -317
Agent 3 : [-13, -11, -24, -13, -10, -17, -12, -10, -10, -14, -10, -16, -20, -13, -13, -10, -15, -10, -11, -17, -13] profit : -282
Agent 4 : [-22, -13, -10, -14, -11, -14, -19, -14, -12, -12, -12, -17, -11, -13, -11, -10, -13, -10, -11] profit : -249
Agent 5 : [-12, -10, -19, -11, -20, -10, -12, -13, -12, -14, -11, -19, -14, -10, -11, -10, -12, -12, -19, -12, -11] profit : -274
Agent 6 : [-17, -19, -13, -10, -13, -12, -12, -15, -12, -23, -13, -12, -13, -22, -14, -11, -11, -13] profit : -255
Agent 7 : [-14, -11, -17, -10, -11, -24, -11, -10, -13, -12, -16, -10, -12, -13, -23, -16, -13, -15] profit : -251
Agent 8 : [-14, -11, -15, -25, -17, -16, -12, -11, -11, -13, -10, -17, -15, -13, -12, -10, -12, -13, -15, -15, -13, -16] profit : -306
Agent 9 : [-13, -12, -13, -14, -19, -14, -16, -24, -14, -13, -10, -10, -11, -20, -11, -23, -18, -16, -13] profit : -284
Total Profit : 2847.0 
