File Path : ../data/gap9_0.json
Run Time : 10.10507s

Num Agents : 10 | Num Tasks : 30

Weigths : 
Agent 0 : [5, 25, 21, 11, 25, 10, 15, 17, 10, 9, 10, 23, 13, 13, 23, 14, 24, 17, 16, 21, 22, 23, 7, 25, 17, 17, 24, 24, 7, 8]
Agent 1 : [25, 14, 19, 21, 22, 11, 19, 14, 12, 22, 9, 10, 7, 12, 6, 9, 5, 23, 24, 16, 8, 15, 17, 22, 20, 6, 18, 15, 7, 7]
Agent 2 : [12, 14, 15, 25, 18, 25, 6, 7, 10, 17, 12, 10, 12, 19, 10, 12, 12, 10, 7, 21, 5, 5, 19, 21, 12, 6, 14, 6, 19, 24]
Agent 3 : [24, 11, 18, 14, 9, 13, 18, 14, 11, 12, 9, 14, 12, 18, 8, 19, 24, 13, 7, 17, 22, 20, 24, 15, 12, 12, 20, 21, 6, 22]
Agent 4 : [15, 9, 19, 9, 13, 19, 25, 16, 14, 17, 6, 9, 15, 12, 20, 21, 9, 17, 19, 14, 23, 19, 25, 22, 13, 14, 14, 23, 15, 23]
Agent 5 : [25, 22, 12, 6, 11, 25, 15, 13, 13, 9, 9, 13, 19, 10, 18, 23, 14, 8, 9, 19, 15, 21, 10, 5, 23, 17, 22, 11, 17, 5]
Agent 6 : [20, 10, 18, 7, 12, 14, 12, 18, 8, 25, 25, 14, 16, 25, 23, 5, 22, 22, 7, 24, 12, 13, 5, 8, 12, 25, 24, 19, 15, 14]
Agent 7 : [15, 18, 21, 17, 7, 5, 10, 10, 25, 13, 23, 10, 7, 7, 20, 18, 21, 12, 24, 10, 7, 25, 20, 13, 19, 18, 16, 7, 9, 6]
Agent 8 : [20, 21, 9, 22, 18, 7, 5, 21, 15, 13, 8, 23, 21, 21, 17, 11, 24, 11, 12, 15, 19, 8, 7, 8, 18, 22, 18, 12, 18, 17]
Agent 9 : [14, 6, 10, 23, 12, 23, 12, 9, 20, 25, 24, 23, 20, 12, 25, 17, 18, 20, 18, 25, 17, 20, 19, 12, 5, 6, 10, 5, 7, 15]

Profits : 
Agent 0 : [25, 16, 17, 24, 15, 24, 24, 17, 23, 16, 21, 18, 18, 18, 18, 20, 16, 15, 25, 15, 16, 23, 22, 18, 23, 18, 19, 20, 21, 19]
Agent 1 : [16, 17, 19, 18, 17, 23, 15, 25, 25, 16, 16, 23, 21, 23, 25, 19, 16, 18, 16, 21, 24, 15, 21, 19, 20, 16, 18, 25, 20, 22]
Agent 2 : [19, 19, 15, 25, 24, 25, 16, 23, 15, 20, 16, 19, 18, 20, 15, 17, 16, 17, 21, 20, 18, 19, 22, 20, 19, 21, 18, 20, 25, 17]
Agent 3 : [17, 21, 21, 21, 19, 20, 24, 15, 21, 15, 18, 23, 18, 16, 16, 18, 24, 16, 22, 16, 22, 19, 17, 17, 22, 19, 21, 16, 24, 17]
Agent 4 : [18, 23, 23, 17, 25, 21, 22, 17, 20, 24, 18, 25, 16, 15, 16, 18, 23, 17, 25, 17, 17, 23, 24, 23, 19, 16, 16, 22, 22, 19]
Agent 5 : [24, 18, 20, 18, 19, 16, 22, 18, 19, 23, 18, 23, 21, 24, 22, 25, 21, 18, 21, 16, 21, 22, 18, 22, 15, 19, 16, 22, 16, 17]
Agent 6 : [20, 21, 15, 24, 20, 19, 16, 24, 23, 24, 22, 20, 24, 18, 24, 20, 17, 23, 17, 22, 18, 21, 25, 17, 21, 18, 24, 21, 15, 25]
Agent 7 : [15, 23, 19, 21, 17, 16, 22, 23, 16, 15, 19, 21, 15, 18, 18, 21, 25, 15, 15, 15, 20, 21, 18, 19, 18, 21, 25, 23, 25, 21]
Agent 8 : [17, 25, 16, 24, 16, 22, 16, 15, 15, 17, 25, 17, 20, 21, 16, 16, 17, 17, 25, 21, 18, 17, 20, 19, 23, 18, 17, 20, 17, 17]
Agent 9 : [17, 21, 23, 22, 23, 25, 25, 22, 24, 18, 24, 22, 15, 24, 15, 16, 19, 22, 25, 19, 24, 17, 16, 17, 17, 25, 19, 16, 23, 22]

Selected Item Coords : [(0, 17), (0, 19), (1, 1), (1, 10), (1, 25), (2, 8), (2, 11), (2, 16), (3, 7), (3, 9), (3, 14), (4, 3), (4, 13), (4, 26), (5, 24), (5, 29), (6, 18), (6, 20), (6, 28), (7, 0), (7, 4), (7, 5), (7, 12), (8, 2), (8, 6), (8, 15), (8, 21), (9, 22), (9, 23), (9, 27)]

Number of Selected Items : 30

Selected Weights : 
Agent 0 : [17, 21] total weight : 38 cap : 40
Agent 1 : [14, 9, 6] total weight : 29 cap : 30
Agent 2 : [10, 10, 12] total weight : 32 cap : 32
Agent 3 : [14, 12, 8] total weight : 34 cap : 37
Agent 4 : [9, 12, 14] total weight : 35 cap : 39
Agent 5 : [23, 5] total weight : 28 cap : 35
Agent 6 : [7, 12, 15] total weight : 34 cap : 38
Agent 7 : [15, 7, 5, 7] total weight : 34 cap : 34
Agent 8 : [9, 5, 11, 8] total weight : 33 cap : 36
Agent 9 : [19, 12, 5] total weight : 36 cap : 37

Selected Profits : 
Agent 0 : [15, 15] profit : 30
Agent 1 : [17, 16, 16] profit : 49
Agent 2 : [15, 19, 16] profit : 50
Agent 3 : [15, 15, 16] profit : 46
Agent 4 : [17, 15, 16] profit : 48
Agent 5 : [15, 17] profit : 32
Agent 6 : [17, 18, 15] profit : 50
Agent 7 : [15, 17, 16, 15] profit : 63
Agent 8 : [16, 16, 16, 17] profit : 65
Agent 9 : [16, 17, 16] profit : 49

Total Profit : 482 
Energy : 482.0
