File Path : ../data/yag_200_20_2.json
Time Elapsed : 3.05s

Num Agents : 20 | Num Tasks : 200
Selected Item Coords : [(0, 39), (0, 61), (0, 71), (0, 79), (0, 135), (0, 163), (0, 166), (0, 189), (0, 199), (1, 15), (1, 21), (1, 36), (1, 49), (1, 88), (1, 92), (1, 107), (1, 109), (1, 112), (1, 139), (1, 168), (1, 177), (1, 192), (2, 4), (2, 51), (2, 66), (2, 84), (2, 102), (2, 106), (2, 108), (2, 121), (2, 129), (2, 182), (3, 1), (3, 28), (3, 80), (3, 90), (3, 95), (3, 127), (3, 128), (3, 141), (3, 180), (3, 187), (4, 9), (4, 53), (4, 74), (4, 118), (4, 126), (4, 159), (4, 169), (4, 171), (4, 181), (5, 29), (5, 43), (5, 47), (5, 86), (5, 114), (5, 136), (5, 154), (5, 158), (5, 165), (5, 184), (5, 196), (6, 5), (6, 6), (6, 25), (6, 35), (6, 75), (6, 78), (6, 83), (6, 100), (6, 143), (6, 150), (6, 185), (7, 3), (7, 19), (7, 40), (7, 65), (7, 76), (7, 85), (7, 117), (7, 119), (7, 151), (7, 197), (8, 8), (8, 17), (8, 26), (8, 27), (8, 42), (8, 46), (8, 67), (8, 93), (8, 111), (8, 167), (9, 11), (9, 52), (9, 82), (9, 87), (9, 99), (9, 101), (9, 122), (9, 160), (9, 191), (10, 14), (10, 32), (10, 56), (10, 58), (10, 69), (10, 89), (10, 147), (10, 152), (10, 153), (10, 161), (10, 173), (11, 20), (11, 38), (11, 50), (11, 63), (11, 70), (11, 91), (11, 115), (11, 130), (11, 178), (12, 2), (12, 13), (12, 44), (12, 60), (12, 77), (12, 137), (12, 140), (12, 142), (13, 7), (13, 10), (13, 12), (13, 73), (13, 110), (13, 120), (13, 134), (13, 155), (13, 156), (13, 157), (13, 193), (14, 16), (14, 33), (14, 45), (14, 62), (14, 72), (14, 103), (14, 113), (14, 125), (15, 0), (15, 41), (15, 54), (15, 57), (15, 59), (15, 94), (15, 105), (15, 146), (15, 162), (15, 176), (15, 194), (16, 18), (16, 37), (16, 48), (16, 68), (16, 123), (16, 124), (16, 138), (16, 144), (16, 149), (16, 164), (16, 186), (17, 24), (17, 34), (17, 96), (17, 132), (17, 133), (17, 172), (17, 188), (17, 190), (17, 195), (18, 22), (18, 23), (18, 30), (18, 55), (18, 104), (18, 116), (18, 148), (18, 174), (18, 183), (18, 198), (19, 31), (19, 64), (19, 81), (19, 97), (19, 98), (19, 131), (19, 145), (19, 170), (19, 175), (19, 179)]
Number of Selected Items : 200
Selected Weights : 
Agent 0 : [75, 21, 59, 44, 52, 44, 37, 50, 27] total weight : 409 cap : 417
Agent 1 : [12, 47, 48, 21, 18, 30, 50, 42, 62, 1, 42, 19, 14] total weight : 406 cap : 411
Agent 2 : [29, 35, 50, 38, 44, 37, 44, 34, 34, 29] total weight : 374 cap : 375
Agent 3 : [55, 54, 63, 14, 64, 30, 37, 8, 24, 32] total weight : 381 cap : 384
Agent 4 : [81, 91, 5, 31, 50, 16, 58, 46, 49] total weight : 427 cap : 434
Agent 5 : [32, 24, 43, 21, 41, 43, 36, 67, 51, 40, 39] total weight : 437 cap : 439
Agent 6 : [72, 67, 38, 43, 34, 19, 17, 40, 36, 28, 34] total weight : 428 cap : 437
Agent 7 : [67, 27, 48, 23, 35, 15, 26, 26, 92, 23] total weight : 382 cap : 394
Agent 8 : [50, 16, 64, 47, 40, 22, 32, 18, 61, 44] total weight : 394 cap : 398
Agent 9 : [51, 34, 41, 42, 63, 50, 43, 24, 34] total weight : 382 cap : 385
Agent 10 : [20, 59, 38, 38, 3, 29, 34, 36, 49, 46, 32] total weight : 384 cap : 390
Agent 11 : [51, 12, 31, 50, 18, 45, 91, 31, 53] total weight : 382 cap : 382
Agent 12 : [68, 58, 31, 58, 57, 54, 40, 23] total weight : 389 cap : 395
Agent 13 : [24, 57, 27, 41, 40, 17, 39, 29, 29, 33, 38] total weight : 374 cap : 374
Agent 14 : [45, 24, 30, 93, 56, 54, 65, 62] total weight : 429 cap : 431
Agent 15 : [37, 61, 34, 42, 39, 10, 48, 43, 32, 25, 42] total weight : 413 cap : 414
Agent 16 : [54, 32, 38, 31, 36, 27, 33, 19, 29, 47, 41] total weight : 387 cap : 389
Agent 17 : [34, 40, 40, 30, 83, 22, 54, 47, 36] total weight : 386 cap : 392
Agent 18 : [52, 75, 8, 35, 18, 41, 36, 59, 29, 41] total weight : 394 cap : 401
Agent 19 : [26, 19, 57, 44, 84, 20, 42, 31, 17, 46] total weight : 386 cap : 401

Selected Profits : 
Agent 0 : [-32, -82, -48, -66, -55, -58, -75, -52, -74] profit : -542
Agent 1 : [-95, -71, -60, -86, -84, -80, -57, -63, -51, -101, -62, -84, -96] profit : -990
Agent 2 : [-79, -66, -54, -64, -58, -72, -57, -75, -67, -73] profit : -665
Agent 3 : [-53, -48, -44, -99, -50, -79, -65, -102, -77, -71] profit : -688
Agent 4 : [-23, -12, -96, -73, -67, -94, -49, -72, -53] profit : -539
Agent 5 : [-71, -78, -65, -86, -65, -60, -66, -34, -54, -63, -65] profit : -707
Agent 6 : [-34, -44, -65, -72, -72, -88, -86, -62, -71, -75, -67] profit : -736
Agent 7 : [-41, -74, -63, -79, -70, -89, -76, -81, -9, -83] profit : -665
Agent 8 : [-58, -85, -38, -72, -61, -79, -72, -85, -47, -66] profit : -663
Agent 9 : [-50, -68, -62, -60, -42, -63, -73, -89, -68] profit : -575
Agent 10 : [-90, -45, -71, -75, -105, -72, -72, -71, -57, -55, -71] profit : -784
Agent 11 : [-51, -94, -80, -56, -93, -60, -26, -78, -60] profit : -598
Agent 12 : [-42, -43, -71, -49, -50, -65, -61, -82] profit : -463
Agent 13 : [-90, -52, -77, -67, -74, -84, -63, -77, -83, -69, -63] profit : -799
Agent 14 : [-58, -84, -73, -19, -55, -56, -41, -43] profit : -429
Agent 15 : [-71, -40, -72, -68, -68, -101, -61, -66, -73, -77, -63] profit : -760
Agent 16 : [-50, -70, -75, -79, -74, -79, -68, -83, -74, -58, -62] profit : -772
Agent 17 : [-72, -61, -61, -75, -24, -81, -58, -65, -67] profit : -564
Agent 18 : [-51, -33, -98, -74, -97, -71, -67, -44, -84, -71] profit : -690
Agent 19 : [-78, -84, -60, -73, -18, -85, -69, -80, -86, -64] profit : -697
Total Profit : 13326.0 
