File Path : ../data/gamma_100_5_2.json
Time Elapsed : 2.46s

Num Agents : 5 | Num Tasks : 100
Selected Item Coords : [(0, 3), (0, 5), (0, 7), (0, 15), (0, 20), (0, 22), (0, 28), (0, 30), (0, 37), (0, 46), (0, 51), (0, 52), (0, 54), (0, 59), (0, 61), (0, 63), (0, 65), (0, 69), (0, 75), (0, 77), (0, 78), (0, 80), (0, 85), (0, 86), (0, 91), (0, 95), (0, 99), (1, 6), (1, 11), (1, 12), (1, 13), (1, 14), (1, 17), (1, 18), (1, 32), (1, 34), (1, 35), (1, 36), (1, 40), (1, 42), (1, 44), (1, 45), (1, 56), (1, 60), (1, 74), (1, 98), (2, 0), (2, 2), (2, 10), (2, 23), (2, 24), (2, 25), (2, 29), (2, 38), (2, 39), (2, 43), (2, 48), (2, 49), (2, 50), (2, 55), (2, 57), (2, 62), (2, 64), (2, 67), (2, 68), (2, 72), (2, 73), (2, 79), (2, 81), (2, 82), (2, 89), (2, 93), (3, 8), (3, 31), (3, 53), (3, 66), (3, 70), (3, 92), (4, 1), (4, 4), (4, 9), (4, 16), (4, 19), (4, 21), (4, 26), (4, 27), (4, 33), (4, 41), (4, 47), (4, 58), (4, 71), (4, 76), (4, 83), (4, 84), (4, 87), (4, 88), (4, 90), (4, 94), (4, 96), (4, 97)]
Number of Selected Items : 100
Selected Weights : 
Agent 0 : [23, 89, 37, 45, 45, 44, 97, 64, 51, 141, 94, 108, 90, 115, 79, 81, 82, 31, 88, 89, 90, 94, 111, 112, 51, 103, 159] total weight : 2213 cap : 2225
Agent 1 : [7, 4, 3, 3, 3, 2, 7, 5, 5, 5, 5, 5, 4, 6, 8, 7, 7, 5, 6] total weight : 97 cap : 97
Agent 2 : [11, 33, 74, 56, 80, 41, 53, 53, 64, 60, 67, 60, 61, 54, 56, 79, 71, 24, 61, 79, 69, 63, 73, 76, 38, 135] total weight : 1591 cap : 1594
Agent 3 : [11, 25, 34, 11, 13, 8] total weight : 102 cap : 102
Agent 4 : [172, 64, 163, 41, 43, 41, 68, 34, 54, 27, 91, 64, 101, 160, 186, 54, 174, 150, 66, 175, 188, 148] total weight : 2264 cap : 2294

Selected Profits : 
Agent 0 : [-21, -96, -24, -39, -38, -38, -105, -71, -51, -180, -105, -112, -100, -124, -79, -80, -83, -22, -93, -98, -98, -101, -114, -116, -51, -107, -195] profit : -2341
Agent 1 : [-9, -5, -4, -4, -4, -2, -9, -6, -6, -6, -7, -6, -5, -8, -10, -9, -9, -5, -8] profit : -122
Agent 2 : [-15, -34, -75, -54, -84, -39, -50, -51, -63, -57, -64, -58, -60, -53, -55, -82, -72, -31, -61, -80, -70, -63, -74, -80, -36, -134] profit : -1595
Agent 3 : [-10, -22, -29, -11, -12, -9] profit : -93
Agent 4 : [-149, -69, -143, -42, -47, -42, -75, -33, -59, -30, -105, -68, -108, -143, -160, -57, -156, -141, -73, -158, -161, -139] profit : -2158
Total Profit : 6309.0 
