File Path : ../data/gapc_0.json
Time Elapsed : 2.47s

Num Agents : 5 | Num Tasks : 100
Selected Item Coords : [(0, 9), (0, 18), (0, 24), (0, 30), (0, 35), (0, 39), (0, 42), (0, 48), (0, 51), (0, 57), (0, 60), (0, 61), (0, 66), (0, 67), (0, 76), (0, 78), (0, 79), (0, 83), (0, 84), (0, 97), (1, 2), (1, 4), (1, 6), (1, 11), (1, 12), (1, 16), (1, 20), (1, 25), (1, 28), (1, 45), (1, 46), (1, 55), (1, 58), (1, 69), (1, 71), (1, 74), (1, 80), (1, 87), (1, 88), (1, 90), (1, 91), (2, 1), (2, 8), (2, 13), (2, 17), (2, 23), (2, 27), (2, 29), (2, 31), (2, 32), (2, 34), (2, 37), (2, 44), (2, 47), (2, 50), (2, 59), (2, 68), (2, 75), (2, 82), (2, 85), (2, 95), (2, 98), (3, 3), (3, 7), (3, 10), (3, 36), (3, 38), (3, 43), (3, 49), (3, 54), (3, 56), (3, 62), (3, 64), (3, 65), (3, 70), (3, 77), (3, 81), (3, 86), (3, 92), (3, 93), (3, 94), (4, 0), (4, 5), (4, 14), (4, 15), (4, 19), (4, 21), (4, 22), (4, 26), (4, 33), (4, 40), (4, 41), (4, 52), (4, 53), (4, 63), (4, 72), (4, 73), (4, 89), (4, 96), (4, 99)]
Number of Selected Items : 100
Selected Weights : 
Agent 0 : [6, 8, 11, 10, 21, 10, 5, 18, 6, 7, 16, 18, 16, 7, 8, 9, 11, 13, 9, 12] total weight : 221 cap : 221
Agent 1 : [8, 13, 15, 8, 7, 6, 7, 7, 7, 5, 16, 7, 6, 7, 21, 18, 15, 12, 12, 7, 17] total weight : 221 cap : 224
Agent 2 : [20, 6, 14, 16, 19, 14, 6, 16, 15, 9, 7, 17, 9, 19, 14, 14, 5, 7, 6, 12, 7] total weight : 252 cap : 254
Agent 3 : [5, 17, 12, 15, 14, 20, 5, 13, 7, 19, 5, 21, 18, 16, 8, 5, 17, 11, 7] total weight : 235 cap : 235
Agent 4 : [5, 17, 14, 10, 10, 24, 23, 5, 11, 6, 6, 5, 20, 24, 17, 9, 9, 5, 5] total weight : 225 cap : 232

Selected Profits : 
Agent 0 : [-18, -24, -14, -22, -10, -37, -14, -12, -30, -23, -23, -18, -22, -11, -14, -30, -15, -18, -29, -12] profit : -396
Agent 1 : [-20, -14, -13, -12, -21, -36, -16, -13, -36, -20, -14, -25, -16, -10, -21, -16, -21, -28, -15, -24, -12] profit : -403
Agent 2 : [-13, -12, -13, -13, -24, -22, -24, -13, -23, -29, -32, -11, -43, -21, -29, -17, -41, -18, -13, -15, -10] profit : -436
Agent 3 : [-17, -32, -12, -30, -11, -19, -27, -18, -20, -11, -21, -18, -10, -31, -25, -21, -17, -17, -10] profit : -367
Agent 4 : [-13, -12, -30, -17, -18, -13, -10, -25, -18, -15, -11, -30, -12, -13, -13, -24, -27, -23, -25] profit : -349
Total Profit : 1951.0 
