File Path : ../data/gapb_0.json
Time Elapsed : 2.51s

Num Agents : 5 | Num Tasks : 100
Selected Item Coords : [(0, 0), (0, 10), (0, 15), (0, 16), (0, 17), (0, 21), (0, 23), (0, 31), (0, 34), (0, 36), (0, 38), (0, 51), (0, 53), (0, 59), (0, 60), (0, 72), (0, 74), (0, 76), (0, 79), (0, 85), (0, 87), (0, 92), (0, 94), (0, 95), (0, 97), (1, 8), (1, 9), (1, 26), (1, 29), (1, 30), (1, 32), (1, 42), (1, 43), (1, 46), (1, 48), (1, 55), (1, 66), (1, 68), (1, 78), (1, 80), (1, 89), (1, 99), (2, 6), (2, 22), (2, 35), (2, 39), (2, 40), (2, 41), (2, 44), (2, 45), (2, 52), (2, 54), (2, 62), (2, 63), (2, 69), (2, 71), (2, 82), (2, 84), (2, 86), (2, 93), (3, 2), (3, 5), (3, 12), (3, 13), (3, 14), (3, 18), (3, 20), (3, 28), (3, 56), (3, 57), (3, 58), (3, 61), (3, 64), (3, 67), (3, 70), (3, 73), (3, 81), (3, 83), (3, 91), (3, 96), (3, 98), (4, 1), (4, 3), (4, 4), (4, 7), (4, 11), (4, 19), (4, 24), (4, 25), (4, 27), (4, 33), (4, 37), (4, 47), (4, 49), (4, 50), (4, 65), (4, 75), (4, 77), (4, 88), (4, 90)]
Number of Selected Items : 100
Selected Weights : 
Agent 0 : [7, 5, 12, 7, 5, 12, 6, 7, 8, 15, 15, 9, 6, 6, 12, 11, 8, 5, 12, 6, 5, 9, 5, 8, 8] total weight : 209 cap : 209
Agent 1 : [6, 10, 19, 23, 9, 13, 12, 10, 7, 19, 7, 19, 8, 7, 12, 7, 20] total weight : 208 cap : 209
Agent 2 : [15, 9, 14, 20, 19, 9, 13, 14, 16, 5, 5, 11, 6, 13, 5, 12, 11, 8] total weight : 205 cap : 209
Agent 3 : [7, 7, 5, 11, 19, 10, 6, 5, 12, 5, 11, 8, 9, 5, 11, 14, 5, 9, 11, 19, 17] total weight : 206 cap : 209
Agent 4 : [11, 14, 16, 6, 8, 18, 17, 17, 8, 6, 20, 6, 9, 21, 5, 7, 8, 5, 6] total weight : 208 cap : 209

Selected Profits : 
Agent 0 : [-26, -11, -30, -34, -28, -15, -14, -17, -13, -10, -17, -16, -10, -34, -13, -15, -16, -24, -15, -19, -18, -25, -15, -20, -12] profit : -467
Agent 1 : [-40, -16, -17, -21, -13, -16, -10, -31, -14, -16, -14, -17, -12, -12, -12, -26, -10] profit : -297
Agent 2 : [-13, -12, -12, -11, -24, -23, -10, -16, -25, -27, -31, -34, -30, -27, -13, -10, -13, -23] profit : -354
Agent 3 : [-22, -17, -47, -22, -17, -14, -36, -12, -15, -22, -11, -22, -12, -14, -10, -27, -31, -20, -14, -14, -13] profit : -412
Agent 4 : [-20, -11, -10, -25, -10, -12, -15, -13, -23, -26, -13, -16, -16, -13, -14, -22, -36, -27, -11] profit : -333
Total Profit : 1863.0 
