File Path : ../data/e10400.json
Time Elapsed : 3.12s

Num Agents : 10 | Num Tasks : 400
Selected Item Coords : [(0, 3), (0, 6), (0, 13), (0, 23), (0, 35), (0, 39), (0, 44), (0, 45), (0, 61), (0, 63), (0, 84), (0, 87), (0, 91), (0, 107), (0, 113), (0, 143), (0, 146), (0, 150), (0, 151), (0, 152), (0, 154), (0, 159), (0, 166), (0, 177), (0, 194), (0, 227), (0, 229), (0, 238), (0, 259), (0, 268), (0, 271), (0, 292), (0, 298), (0, 304), (0, 341), (0, 345), (0, 352), (0, 364), (0, 369), (0, 399), (1, 11), (1, 14), (1, 19), (1, 34), (1, 40), (1, 49), (1, 59), (1, 68), (1, 73), (1, 76), (1, 82), (1, 83), (1, 89), (1, 93), (1, 102), (1, 104), (1, 132), (1, 148), (1, 180), (1, 195), (1, 204), (1, 206), (1, 207), (1, 216), (1, 257), (1, 265), (1, 267), (1, 295), (1, 303), (1, 316), (1, 321), (1, 343), (1, 351), (1, 366), (1, 371), (1, 379), (1, 380), (1, 387), (2, 4), (2, 65), (2, 74), (2, 80), (2, 105), (2, 108), (2, 122), (2, 145), (2, 156), (2, 162), (2, 167), (2, 168), (2, 179), (2, 200), (2, 222), (2, 236), (2, 242), (2, 244), (2, 249), (2, 253), (2, 256), (2, 270), (2, 274), (2, 279), (2, 289), (2, 291), (2, 293), (2, 306), (2, 329), (2, 335), (2, 338), (2, 342), (2, 347), (2, 355), (2, 358), (2, 361), (2, 368), (2, 373), (2, 374), (2, 376), (2, 394), (2, 395), (3, 7), (3, 12), (3, 33), (3, 43), (3, 57), (3, 58), (3, 116), (3, 121), (3, 123), (3, 125), (3, 140), (3, 144), (3, 184), (3, 190), (3, 198), (3, 201), (3, 209), (3, 211), (3, 212), (3, 213), (3, 215), (3, 218), (3, 232), (3, 235), (3, 246), (3, 262), (3, 264), (3, 266), (3, 276), (3, 284), (3, 285), (3, 319), (3, 322), (3, 348), (3, 365), (3, 383), (3, 385), (3, 396), (4, 15), (4, 20), (4, 28), (4, 30), (4, 32), (4, 50), (4, 62), (4, 67), (4, 70), (4, 78), (4, 79), (4, 88), (4, 94), (4, 103), (4, 111), (4, 130), (4, 142), (4, 158), (4, 175), (4, 188), (4, 192), (4, 205), (4, 208), (4, 223), (4, 226), (4, 241), (4, 252), (4, 254), (4, 312), (4, 315), (4, 326), (4, 330), (4, 340), (4, 350), (4, 370), (4, 390), (4, 391), (4, 398), (5, 1), (5, 10), (5, 18), (5, 27), (5, 36), (5, 37), (5, 41), (5, 56), (5, 66), (5, 86), (5, 92), (5, 95), (5, 124), (5, 128), (5, 135), (5, 136), (5, 169), (5, 170), (5, 174), (5, 183), (5, 203), (5, 214), (5, 217), (5, 220), (5, 230), (5, 237), (5, 248), (5, 255), (5, 258), (5, 277), (5, 278), (5, 296), (5, 300), (5, 301), (5, 327), (5, 331), (5, 378), (5, 381), (5, 386), (5, 388), (5, 389), (5, 393), (6, 8), (6, 16), (6, 29), (6, 51), (6, 53), (6, 54), (6, 72), (6, 96), (6, 118), (6, 129), (6, 137), (6, 138), (6, 141), (6, 149), (6, 153), (6, 155), (6, 157), (6, 164), (6, 165), (6, 176), (6, 178), (6, 181), (6, 185), (6, 196), (6, 197), (6, 221), (6, 224), (6, 243), (6, 245), (6, 250), (6, 297), (6, 299), (6, 302), (6, 307), (6, 320), (6, 324), (6, 333), (6, 354), (6, 360), (6, 377), (6, 397), (7, 0), (7, 2), (7, 5), (7, 9), (7, 24), (7, 31), (7, 38), (7, 47), (7, 52), (7, 77), (7, 85), (7, 100), (7, 106), (7, 109), (7, 119), (7, 160), (7, 163), (7, 171), (7, 173), (7, 186), (7, 187), (7, 191), (7, 225), (7, 233), (7, 234), (7, 247), (7, 263), (7, 269), (7, 281), (7, 287), (7, 310), (7, 313), (7, 318), (7, 323), (7, 334), (7, 336), (7, 337), (7, 344), (7, 362), (7, 363), (7, 384), (8, 17), (8, 21), (8, 46), (8, 60), (8, 69), (8, 71), (8, 90), (8, 97), (8, 99), (8, 110), (8, 117), (8, 127), (8, 131), (8, 133), (8, 139), (8, 147), (8, 161), (8, 172), (8, 182), (8, 199), (8, 228), (8, 231), (8, 239), (8, 240), (8, 273), (8, 275), (8, 280), (8, 290), (8, 294), (8, 305), (8, 311), (8, 314), (8, 328), (8, 346), (8, 353), (8, 356), (8, 359), (8, 367), (8, 375), (8, 382), (8, 392), (9, 22), (9, 25), (9, 26), (9, 42), (9, 48), (9, 55), (9, 64), (9, 75), (9, 81), (9, 98), (9, 101), (9, 112), (9, 114), (9, 115), (9, 120), (9, 126), (9, 134), (9, 189), (9, 193), (9, 202), (9, 210), (9, 219), (9, 251), (9, 260), (9, 261), (9, 272), (9, 282), (9, 283), (9, 286), (9, 288), (9, 308), (9, 309), (9, 317), (9, 325), (9, 332), (9, 339), (9, 349), (9, 357), (9, 372)]
Number of Selected Items : 400
Selected Weights : 
Agent 0 : [9, 8, 9, 8, 11, 10, 10, 9, 6, 8, 6, 7, 6, 9, 13, 9, 12, 8, 7, 13, 9, 8, 6, 9, 10, 7, 10, 8, 15, 10, 7, 9, 10, 9, 6, 5, 12, 9, 6, 10] total weight : 353 cap : 353
Agent 1 : [9, 10, 8, 8, 10, 8, 11, 7, 8, 11, 8, 6, 9, 12, 11, 9, 7, 7, 7, 5, 10, 8, 6, 7, 8, 11, 10, 8, 8, 10, 13, 8, 7, 9, 8, 6, 12, 6] total weight : 326 cap : 327
Agent 2 : [9, 10, 8, 8, 9, 9, 10, 9, 9, 10, 7, 9, 12, 12, 6, 5, 7, 10, 8, 11, 8, 6, 9, 6, 10, 9, 6, 7, 8, 6, 8, 6, 8, 9, 11, 7, 9, 9, 10, 9, 12, 12] total weight : 363 cap : 363
Agent 3 : [10, 9, 8, 10, 7, 7, 7, 10, 8, 17, 6, 6, 11, 12, 8, 7, 5, 8, 7, 12, 6, 4, 11, 9, 10, 8, 6, 9, 5, 8, 9, 8, 6, 12, 7, 8, 6, 12] total weight : 319 cap : 323
Agent 4 : [6, 8, 9, 12, 11, 10, 7, 9, 7, 9, 10, 4, 5, 8, 8, 7, 12, 7, 7, 8, 7, 8, 7, 9, 9, 8, 8, 8, 11, 6, 10, 9, 9, 11, 11, 8, 6, 10] total weight : 319 cap : 321
Agent 5 : [8, 8, 9, 8, 9, 8, 8, 7, 6, 10, 7, 10, 8, 6, 9, 12, 7, 8, 13, 9, 7, 6, 8, 5, 9, 6, 7, 8, 9, 3, 11, 11, 10, 4, 10, 7, 6, 11, 7, 5, 9, 8] total weight : 337 cap : 340
Agent 6 : [7, 10, 8, 8, 9, 6, 8, 8, 9, 6, 7, 8, 9, 6, 9, 7, 6, 10, 9, 10, 5, 6, 14, 8, 8, 9, 9, 12, 8, 7, 9, 11, 4, 10, 10, 11, 9, 4, 9, 8, 5] total weight : 336 cap : 338
Agent 7 : [6, 8, 10, 10, 8, 10, 9, 12, 6, 10, 8, 9, 9, 10, 7, 8, 11, 10, 4, 9, 10, 5, 6, 9, 9, 6, 4, 8, 9, 13, 7, 7, 7, 8, 10, 6, 8, 12, 12, 8, 11] total weight : 349 cap : 351
Agent 8 : [7, 5, 10, 10, 7, 6, 7, 10, 10, 5, 6, 7, 9, 8, 6, 12, 9, 10, 11, 11, 7, 10, 8, 9, 10, 9, 10, 12, 6, 6, 10, 9, 13, 9, 5, 9, 9, 12, 7, 13, 6] total weight : 355 cap : 357
Agent 9 : [6, 5, 7, 10, 15, 8, 11, 11, 6, 8, 8, 9, 8, 5, 9, 9, 11, 8, 7, 10, 11, 6, 6, 14, 8, 8, 13, 9, 10, 4, 8, 5, 8, 8, 10, 11, 12, 11, 6] total weight : 339 cap : 339

Selected Profits : 
Agent 0 : [-110, -115, -102, -116, -82, -98, -93, -102, -157, -122, -161, -133, -156, -109, -75, -107, -79, -120, -134, -72, -107, -118, -163, -104, -97, -135, -97, -123, -57, -91, -140, -110, -93, -101, -158, -196, -76, -108, -156, -98] profit : -4571
Agent 1 : [-105, -93, -122, -121, -98, -122, -84, -132, -121, -83, -116, -165, -102, -79, -83, -111, -134, -137, -141, -191, -92, -119, -164, -138, -122, -83, -97, -115, -118, -98, -73, -116, -137, -101, -116, -158, -77, -157] profit : -4421
Agent 2 : [-104, -92, -116, -117, -106, -110, -99, -102, -103, -95, -141, -101, -75, -76, -161, -191, -132, -95, -123, -81, -122, -156, -106, -160, -91, -101, -157, -139, -116, -161, -124, -157, -122, -101, -83, -139, -101, -103, -98, -102, -78, -78] profit : -4815
Agent 3 : [-94, -110, -120, -99, -137, -136, -136, -96, -123, -48, -162, -165, -82, -76, -119, -132, -199, -121, -132, -78, -156, -246, -81, -106, -92, -118, -165, -104, -193, -120, -110, -116, -165, -77, -135, -122, -156, -73] profit : -4700
Agent 4 : [-158, -115, -108, -82, -84, -98, -140, -107, -132, -107, -93, -240, -194, -117, -118, -132, -75, -136, -134, -120, -138, -120, -136, -105, -109, -117, -115, -121, -84, -158, -91, -102, -110, -85, -80, -118, -162, -92] profit : -4533
Agent 5 : [-120, -119, -106, -118, -104, -119, -125, -135, -157, -96, -136, -95, -116, -156, -101, -82, -138, -118, -68, -107, -135, -166, -124, -199, -109, -159, -135, -124, -107, -329, -82, -87, -94, -247, -98, -132, -163, -80, -137, -196, -101, -123] profit : -5443
Agent 6 : [-134, -98, -115, -124, -101, -161, -115, -120, -106, -157, -134, -123, -108, -157, -109, -132, -160, -95, -103, -95, -194, -159, -68, -124, -122, -109, -108, -80, -124, -133, -110, -81, -240, -95, -91, -82, -105, -245, -106, -117, -190] profit : -5130
Agent 7 : [-158, -121, -94, -91, -119, -96, -106, -79, -158, -90, -121, -106, -107, -99, -139, -115, -84, -95, -240, -101, -93, -192, -163, -102, -104, -157, -245, -124, -105, -74, -141, -137, -134, -115, -93, -159, -117, -78, -77, -122, -80] profit : -4931
Agent 8 : [-138, -191, -93, -90, -135, -161, -137, -97, -99, -196, -162, -139, -110, -115, -165, -75, -104, -93, -84, -85, -136, -96, -118, -110, -90, -103, -96, -75, -157, -164, -94, -108, -74, -101, -198, -108, -110, -77, -134, -72, -161] profit : -4851
Agent 9 : [-160, -193, -136, -95, -58, -124, -80, -86, -162, -120, -124, -108, -118, -197, -106, -105, -87, -115, -134, -97, -81, -158, -160, -69, -119, -118, -72, -102, -99, -242, -118, -192, -116, -122, -98, -80, -73, -80, -162] profit : -4666
Total Profit : 48061.0 
