File Path : ../data/yag_100_5_2.json
Time Elapsed : 2.7s

Num Agents : 5 | Num Tasks : 100
Selected Item Coords : [(0, 1), (0, 5), (0, 12), (0, 18), (0, 19), (0, 25), (0, 29), (0, 30), (0, 35), (0, 36), (0, 44), (0, 48), (0, 56), (0, 60), (0, 64), (0, 65), (0, 70), (0, 72), (0, 92), (0, 98), (1, 3), (1, 10), (1, 15), (1, 17), (1, 20), (1, 21), (1, 28), (1, 47), (1, 52), (1, 66), (1, 68), (1, 69), (1, 73), (1, 74), (1, 79), (1, 84), (1, 87), (1, 90), (1, 91), (1, 95), (2, 0), (2, 11), (2, 26), (2, 31), (2, 32), (2, 34), (2, 38), (2, 41), (2, 42), (2, 45), (2, 51), (2, 62), (2, 76), (2, 81), (2, 82), (2, 85), (2, 94), (2, 97), (2, 99), (3, 2), (3, 4), (3, 6), (3, 8), (3, 9), (3, 14), (3, 22), (3, 23), (3, 24), (3, 37), (3, 43), (3, 53), (3, 57), (3, 58), (3, 71), (3, 77), (3, 78), (3, 86), (3, 88), (3, 89), (3, 93), (4, 7), (4, 13), (4, 16), (4, 27), (4, 33), (4, 39), (4, 40), (4, 46), (4, 49), (4, 50), (4, 54), (4, 55), (4, 59), (4, 61), (4, 63), (4, 67), (4, 75), (4, 80), (4, 83), (4, 96)]
Number of Selected Items : 100
Selected Weights : 
Agent 0 : [32, 90, 9, 35, 18, 14, 14, 17, 35, 31, 58, 27, 58, 68, 91, 7, 25, 41, 88, 19] total weight : 777 cap : 788
Agent 1 : [21, 46, 81, 44, 64, 36, 92, 59, 42, 50, 55, 22, 5, 47, 47, 68, 11, 24, 17, 24] total weight : 855 cap : 855
Agent 2 : [32, 62, 21, 35, 96, 15, 52, 74, 24, 61, 15, 16, 16, 61, 38, 71, 21, 60, 17] total weight : 787 cap : 788
Agent 3 : [30, 23, 45, 80, 46, 13, 9, 8, 91, 44, 38, 40, 22, 3, 43, 71, 63, 11, 58, 5, 36] total weight : 779 cap : 779
Agent 4 : [58, 89, 18, 57, 40, 16, 9, 51, 6, 57, 12, 1, 38, 65, 51, 19, 58, 59, 37, 38] total weight : 779 cap : 785

Selected Profits : 
Agent 0 : [-75, -22, -93, -66, -87, -92, -89, -88, -71, -79, -51, -74, -51, -38, -16, -96, -84, -73, -17, -90] profit : -1352
Agent 1 : [-90, -66, -25, -61, -45, -70, -16, -42, -72, -61, -47, -85, -101, -54, -55, -33, -90, -83, -86, -82] profit : -1264
Agent 2 : [-70, -41, -83, -67, -5, -86, -55, -33, -83, -44, -86, -101, -88, -53, -68, -32, -82, -48, -85] profit : -1210
Agent 3 : [-85, -80, -67, -29, -64, -99, -107, -98, -22, -57, -68, -61, -88, -109, -60, -40, -41, -92, -46, -96, -79] profit : -1488
Agent 4 : [-48, -16, -85, -44, -73, -86, -92, -52, -96, -62, -90, -101, -68, -45, -62, -95, -54, -46, -72, -65] profit : -1352
Total Profit : 6666.0 
