File Path : ../data/gapd_1.json
Time Elapsed : 2.89s

Num Agents : 5 | Num Tasks : 200
Selected Item Coords : [(0, 2), (0, 5), (0, 8), (0, 11), (0, 14), (0, 23), (0, 32), (0, 40), (0, 41), (0, 44), (0, 54), (0, 66), (0, 69), (0, 83), (0, 86), (0, 95), (0, 98), (0, 103), (0, 104), (0, 110), (0, 112), (0, 116), (0, 124), (0, 128), (0, 145), (0, 147), (0, 153), (0, 162), (0, 164), (0, 175), (0, 176), (0, 178), (0, 181), (0, 193), (0, 198), (1, 1), (1, 10), (1, 13), (1, 17), (1, 19), (1, 21), (1, 27), (1, 37), (1, 38), (1, 46), (1, 50), (1, 62), (1, 78), (1, 82), (1, 88), (1, 90), (1, 96), (1, 107), (1, 109), (1, 113), (1, 117), (1, 118), (1, 121), (1, 123), (1, 125), (1, 129), (1, 130), (1, 138), (1, 146), (1, 148), (1, 151), (1, 152), (1, 163), (1, 168), (1, 171), (1, 174), (1, 177), (1, 182), (1, 186), (1, 187), (1, 190), (1, 196), (2, 0), (2, 3), (2, 4), (2, 7), (2, 18), (2, 20), (2, 22), (2, 26), (2, 29), (2, 30), (2, 52), (2, 55), (2, 60), (2, 67), (2, 73), (2, 75), (2, 79), (2, 80), (2, 84), (2, 92), (2, 93), (2, 97), (2, 101), (2, 102), (2, 114), (2, 120), (2, 132), (2, 135), (2, 136), (2, 150), (2, 157), (2, 160), (2, 167), (2, 169), (2, 172), (2, 188), (2, 191), (2, 194), (2, 199), (3, 6), (3, 25), (3, 33), (3, 36), (3, 47), (3, 48), (3, 56), (3, 57), (3, 59), (3, 61), (3, 70), (3, 72), (3, 77), (3, 81), (3, 87), (3, 91), (3, 94), (3, 99), (3, 100), (3, 106), (3, 115), (3, 122), (3, 126), (3, 127), (3, 131), (3, 133), (3, 134), (3, 139), (3, 142), (3, 143), (3, 144), (3, 149), (3, 155), (3, 156), (3, 166), (3, 173), (3, 184), (3, 185), (3, 189), (3, 192), (3, 197), (4, 9), (4, 12), (4, 15), (4, 16), (4, 24), (4, 28), (4, 31), (4, 34), (4, 35), (4, 39), (4, 42), (4, 43), (4, 45), (4, 49), (4, 51), (4, 53), (4, 58), (4, 63), (4, 64), (4, 65), (4, 68), (4, 71), (4, 74), (4, 76), (4, 85), (4, 89), (4, 105), (4, 108), (4, 111), (4, 119), (4, 137), (4, 140), (4, 141), (4, 154), (4, 158), (4, 159), (4, 161), (4, 165), (4, 170), (4, 179), (4, 180), (4, 183), (4, 195)]
Number of Selected Items : 200
Selected Weights : 
Agent 0 : [15, 72, 9, 54, 10, 49, 55, 64, 58, 33, 17, 60, 46, 48, 77, 5, 21, 51, 50, 44, 1, 23, 61, 80, 51, 54, 69, 30, 5, 53, 48, 50, 57, 76, 48] total weight : 1544 cap : 1547
Agent 1 : [32, 59, 20, 14, 81, 9, 20, 4, 20, 76, 73, 19, 56, 20, 54, 58, 58, 8, 64, 24, 66, 54, 59, 94, 48, 85, 1, 29, 39, 9, 24, 40, 6, 52, 44, 31, 67, 40, 49, 43, 18, 31] total weight : 1698 cap : 1699
Agent 2 : [96, 23, 14, 62, 18, 30, 67, 78, 50, 23, 13, 21, 48, 44, 68, 64, 5, 24, 70, 69, 54, 69, 59, 47, 54, 54, 13, 65, 36, 10, 14, 29, 8, 13, 35, 45, 6, 41, 32] total weight : 1571 cap : 1589
Agent 3 : [55, 60, 8, 66, 33, 41, 52, 38, 24, 49, 27, 82, 22, 78, 31, 23, 35, 21, 53, 41, 68, 42, 48, 23, 40, 60, 15, 15, 24, 45, 31, 95, 36, 3, 62, 15, 44, 11, 12, 17, 45] total weight : 1590 cap : 1614
Agent 4 : [8, 37, 48, 85, 99, 48, 23, 36, 13, 13, 29, 22, 60, 11, 46, 32, 6, 67, 14, 97, 51, 39, 29, 35, 25, 46, 7, 35, 67, 26, 18, 1, 58, 79, 4, 67, 38, 67, 62, 16, 31, 42, 55] total weight : 1692 cap : 1694

Selected Profits : 
Agent 0 : [-86, -32, -93, -48, -92, -56, -49, -40, -50, -78, -84, -45, -55, -66, -28, -97, -80, -63, -55, -61, -102, -92, -43, -40, -64, -54, -34, -75, -108, -62, -63, -54, -58, -38, -55] profit : -2200
Agent 1 : [-73, -43, -90, -102, -34, -107, -85, -98, -89, -44, -28, -86, -53, -89, -54, -49, -48, -94, -42, -88, -37, -61, -42, -10, -57, -24, -107, -83, -76, -92, -90, -71, -102, -50, -66, -89, -34, -81, -53, -59, -91, -73] profit : -2844
Agent 2 : [-23, -79, -92, -41, -89, -75, -45, -28, -58, -85, -90, -82, -54, -57, -33, -41, -100, -81, -41, -42, -53, -35, -43, -61, -53, -51, -88, -45, -74, -92, -88, -90, -104, -91, -85, -59, -96, -76, -70] profit : -2590
Agent 3 : [-59, -60, -104, -36, -74, -64, -54, -68, -79, -56, -84, -31, -87, -43, -72, -91, -73, -80, -51, -68, -49, -60, -53, -85, -62, -43, -86, -91, -80, -61, -71, -7, -69, -108, -55, -89, -60, -94, -92, -91, -72] profit : -2812
Agent 4 : [-102, -66, -60, -25, -2, -56, -84, -80, -93, -90, -74, -79, -50, -95, -56, -72, -100, -38, -89, -7, -60, -68, -80, -68, -78, -60, -102, -75, -35, -76, -95, -115, -47, -27, -115, -35, -70, -34, -49, -87, -73, -72, -54] profit : -2893
Total Profit : 13339.0 
