File Path : ../data/gapd_5.json
Time Elapsed : 2.89s

Num Agents : 20 | Num Tasks : 200
Selected Item Coords : [(0, 23), (0, 75), (0, 121), (0, 122), (0, 134), (0, 145), (0, 147), (0, 149), (0, 157), (0, 196), (1, 4), (1, 53), (1, 62), (1, 66), (1, 74), (1, 117), (1, 119), (1, 124), (1, 136), (1, 182), (2, 3), (2, 6), (2, 25), (2, 35), (2, 71), (2, 82), (2, 105), (3, 45), (3, 46), (3, 57), (3, 69), (3, 94), (3, 118), (3, 133), (3, 142), (3, 151), (3, 155), (3, 174), (3, 184), (3, 186), (3, 192), (3, 197), (4, 34), (4, 41), (4, 48), (4, 52), (4, 92), (4, 95), (4, 110), (4, 123), (4, 138), (4, 139), (4, 143), (4, 190), (5, 33), (5, 39), (5, 50), (5, 80), (5, 152), (5, 163), (5, 193), (5, 198), (6, 20), (6, 30), (6, 54), (6, 55), (6, 63), (6, 70), (6, 89), (6, 104), (6, 111), (6, 120), (6, 159), (6, 161), (6, 199), (7, 17), (7, 27), (7, 47), (7, 98), (7, 153), (7, 154), (7, 172), (7, 188), (7, 191), (8, 2), (8, 24), (8, 56), (8, 65), (8, 84), (8, 91), (8, 109), (8, 113), (8, 129), (8, 175), (8, 185), (9, 9), (9, 16), (9, 64), (9, 77), (9, 99), (9, 115), (9, 144), (9, 167), (9, 195), (10, 1), (10, 51), (10, 60), (10, 68), (10, 83), (10, 88), (10, 106), (10, 148), (10, 160), (10, 173), (11, 42), (11, 59), (11, 73), (11, 76), (11, 135), (11, 165), (11, 170), (11, 189), (12, 7), (12, 10), (12, 29), (12, 78), (12, 100), (12, 128), (12, 140), (12, 164), (12, 168), (12, 181), (12, 194), (13, 21), (13, 26), (13, 38), (13, 40), (13, 58), (13, 81), (13, 87), (13, 93), (13, 107), (13, 179), (14, 13), (14, 28), (14, 116), (14, 126), (14, 137), (14, 156), (14, 162), (14, 171), (15, 14), (15, 15), (15, 32), (15, 36), (15, 86), (15, 90), (15, 108), (15, 127), (15, 166), (16, 11), (16, 22), (16, 61), (16, 101), (16, 114), (16, 125), (16, 131), (16, 169), (16, 177), (16, 180), (17, 0), (17, 5), (17, 8), (17, 12), (17, 18), (17, 19), (17, 44), (17, 79), (17, 150), (17, 176), (18, 31), (18, 37), (18, 43), (18, 49), (18, 96), (18, 102), (18, 103), (18, 112), (18, 178), (18, 187), (19, 67), (19, 72), (19, 85), (19, 97), (19, 130), (19, 132), (19, 141), (19, 146), (19, 158), (19, 183)]
Number of Selected Items : 200
Selected Weights : 
Agent 0 : [14, 69, 70, 64, 40, 32, 13, 43, 17, 45] total weight : 407 cap : 407
Agent 1 : [40, 55, 6, 49, 27, 55, 66, 41, 18, 40] total weight : 397 cap : 417
Agent 2 : [56, 68, 57, 88, 37, 7, 91] total weight : 404 cap : 416
Agent 3 : [34, 11, 23, 39, 23, 15, 39, 11, 42, 64, 14, 54, 40, 6, 2] total weight : 417 cap : 418
Agent 4 : [13, 47, 39, 65, 24, 32, 20, 17, 22, 30, 34, 52] total weight : 395 cap : 401
Agent 5 : [58, 33, 64, 65, 82, 19, 39, 48] total weight : 408 cap : 410
Agent 6 : [66, 29, 10, 48, 27, 31, 52, 16, 1, 47, 2, 52, 15] total weight : 396 cap : 402
Agent 7 : [43, 11, 84, 26, 43, 40, 55, 5, 43] total weight : 350 cap : 379
Agent 8 : [46, 76, 28, 33, 36, 34, 15, 22, 40, 15, 27] total weight : 372 cap : 384
Agent 9 : [43, 48, 42, 42, 21, 24, 35, 82, 60] total weight : 397 cap : 415
Agent 10 : [21, 50, 30, 15, 67, 34, 24, 70, 53, 33] total weight : 397 cap : 402
Agent 11 : [67, 29, 48, 77, 20, 49, 12, 76] total weight : 378 cap : 404
Agent 12 : [9, 35, 24, 20, 68, 48, 18, 49, 35, 43, 37] total weight : 386 cap : 427
Agent 13 : [55, 61, 32, 32, 55, 17, 19, 26, 31, 75] total weight : 403 cap : 403
Agent 14 : [17, 83, 25, 41, 29, 32, 73, 93] total weight : 393 cap : 393
Agent 15 : [63, 27, 55, 47, 21, 35, 40, 42, 56] total weight : 386 cap : 386
Agent 16 : [28, 65, 11, 45, 45, 35, 15, 35, 34, 56] total weight : 369 cap : 421
Agent 17 : [41, 83, 44, 53, 38, 1, 37, 84, 15, 5] total weight : 401 cap : 406
Agent 18 : [62, 18, 20, 25, 60, 52, 34, 65, 25, 39] total weight : 400 cap : 400
Agent 19 : [41, 16, 36, 56, 39, 58, 63, 26, 24, 69] total weight : 428 cap : 428

Selected Profits : 
Agent 0 : [-99, -32, -31, -42, -61, -73, -88, -64, -96, -64] profit : -650
Agent 1 : [-61, -61, -98, -54, -74, -62, -49, -62, -83, -62] profit : -666
Agent 2 : [-51, -33, -49, -14, -70, -95, -11] profit : -323
Agent 3 : [-68, -92, -84, -63, -78, -96, -62, -92, -59, -43, -92, -47, -62, -96, -113] profit : -1147
Agent 4 : [-88, -66, -62, -39, -80, -78, -81, -84, -80, -75, -69, -58] profit : -860
Agent 5 : [-49, -68, -54, -36, -19, -83, -65, -63] profit : -437
Agent 6 : [-44, -72, -100, -61, -77, -84, -56, -88, -105, -54, -102, -58, -86] profit : -987
Agent 7 : [-64, -90, -36, -77, -67, -67, -46, -100, -58] profit : -605
Agent 8 : [-55, -26, -73, -77, -77, -68, -86, -92, -77, -86, -78] profit : -795
Agent 9 : [-58, -62, -62, -66, -85, -77, -66, -32, -42] profit : -550
Agent 10 : [-86, -56, -80, -94, -36, -79, -82, -36, -61, -69] profit : -679
Agent 11 : [-35, -75, -59, -37, -84, -53, -90, -45] profit : -478
Agent 12 : [-100, -70, -80, -91, -39, -67, -94, -53, -71, -65, -67] profit : -797
Agent 13 : [-49, -42, -78, -69, -53, -85, -87, -81, -71, -45] profit : -660
Agent 14 : [-87, -22, -80, -62, -81, -71, -33, -13] profit : -449
Agent 15 : [-53, -74, -50, -54, -86, -67, -62, -75, -48] profit : -569
Agent 16 : [-76, -47, -91, -61, -58, -67, -88, -68, -71, -51] profit : -678
Agent 17 : [-63, -30, -59, -52, -69, -100, -73, -25, -86, -97] profit : -654
Agent 18 : [-57, -89, -87, -79, -48, -50, -71, -48, -77, -62] profit : -668
Agent 19 : [-60, -88, -67, -56, -73, -43, -43, -84, -81, -46] profit : -641
Total Profit : 13293.0 
