File Path : ../data/gapa_3.json
Time Elapsed : 2.88s

Num Agents : 10 | Num Tasks : 200
Selected Item Coords : [(0, 43), (0, 66), (0, 75), (0, 76), (0, 90), (0, 97), (0, 102), (0, 105), (0, 114), (0, 140), (0, 160), (0, 167), (0, 172), (0, 185), (0, 186), (1, 0), (1, 6), (1, 12), (1, 13), (1, 15), (1, 26), (1, 27), (1, 31), (1, 53), (1, 56), (1, 61), (1, 73), (1, 87), (1, 100), (1, 109), (1, 138), (1, 156), (1, 162), (1, 163), (1, 164), (1, 177), (1, 183), (2, 18), (2, 24), (2, 28), (2, 37), (2, 38), (2, 42), (2, 51), (2, 55), (2, 57), (2, 59), (2, 65), (2, 71), (2, 79), (2, 82), (2, 106), (2, 115), (2, 116), (2, 121), (2, 125), (2, 134), (2, 153), (2, 157), (2, 165), (2, 175), (2, 196), (3, 7), (3, 10), (3, 11), (3, 30), (3, 44), (3, 47), (3, 72), (3, 80), (3, 83), (3, 89), (3, 96), (3, 111), (3, 113), (3, 120), (3, 139), (3, 144), (3, 159), (3, 188), (3, 199), (4, 17), (4, 52), (4, 60), (4, 62), (4, 69), (4, 77), (4, 99), (4, 103), (4, 119), (4, 127), (4, 131), (4, 136), (4, 145), (4, 155), (4, 173), (4, 195), (5, 1), (5, 4), (5, 14), (5, 16), (5, 19), (5, 21), (5, 41), (5, 58), (5, 92), (5, 93), (5, 123), (5, 161), (5, 179), (5, 181), (5, 187), (5, 193), (6, 3), (6, 29), (6, 32), (6, 39), (6, 64), (6, 68), (6, 78), (6, 84), (6, 110), (6, 112), (6, 117), (6, 122), (6, 133), (6, 141), (6, 152), (6, 158), (6, 174), (6, 176), (6, 189), (6, 194), (6, 197), (7, 2), (7, 5), (7, 9), (7, 20), (7, 34), (7, 49), (7, 50), (7, 54), (7, 94), (7, 104), (7, 107), (7, 118), (7, 129), (7, 147), (7, 149), (7, 166), (7, 168), (7, 169), (7, 182), (7, 190), (7, 192), (7, 198), (8, 8), (8, 22), (8, 23), (8, 35), (8, 36), (8, 40), (8, 81), (8, 86), (8, 88), (8, 91), (8, 95), (8, 98), (8, 130), (8, 132), (8, 135), (8, 142), (8, 148), (8, 154), (8, 171), (8, 184), (9, 25), (9, 33), (9, 45), (9, 46), (9, 48), (9, 63), (9, 67), (9, 70), (9, 74), (9, 85), (9, 101), (9, 108), (9, 124), (9, 126), (9, 128), (9, 137), (9, 143), (9, 146), (9, 150), (9, 151), (9, 170), (9, 178), (9, 180), (9, 191)]
Number of Selected Items : 200
Selected Weights : 
Agent 0 : [12, 19, 7, 10, 11, 11, 21, 22, 11, 17, 14, 21, 14, 18, 17] total weight : 225 cap : 365
Agent 1 : [20, 12, 14, 23, 19, 23, 7, 8, 11, 15, 20, 21, 19, 10, 15, 20, 5, 19, 12, 22, 17, 12] total weight : 344 cap : 365
Agent 2 : [15, 13, 10, 11, 11, 11, 17, 6, 8, 20, 6, 21, 11, 17, 11, 21, 22, 15, 8, 25, 8, 14, 18, 9, 9] total weight : 337 cap : 365
Agent 3 : [22, 23, 22, 22, 8, 16, 22, 13, 13, 13, 13, 11, 10, 18, 22, 10, 21, 13, 16] total weight : 308 cap : 365
Agent 4 : [25, 15, 5, 12, 24, 21, 13, 17, 18, 23, 9, 20, 20, 9, 18, 8] total weight : 257 cap : 365
Agent 5 : [12, 18, 10, 22, 5, 23, 24, 13, 12, 12, 9, 23, 21, 24, 5, 12] total weight : 245 cap : 365
Agent 6 : [23, 17, 24, 20, 19, 15, 18, 5, 12, 10, 24, 11, 8, 16, 22, 23, 16, 18, 24, 18, 22] total weight : 365 cap : 365
Agent 7 : [9, 22, 8, 6, 23, 6, 13, 8, 18, 15, 7, 5, 11, 16, 13, 13, 9, 11, 17, 12, 17, 17] total weight : 276 cap : 365
Agent 8 : [17, 6, 22, 23, 10, 9, 22, 15, 23, 17, 9, 20, 8, 19, 8, 9, 8, 12, 14, 18] total weight : 289 cap : 365
Agent 9 : [22, 24, 23, 11, 14, 11, 8, 18, 13, 16, 20, 10, 11, 13, 8, 5, 6, 10, 12, 8, 17, 8, 9, 8] total weight : 305 cap : 365

Selected Profits : 
Agent 0 : [-11, -11, -11, -12, -14, -13, -22, -10, -14, -13, -10, -11, -14, -10, -12] profit : -188
Agent 1 : [-10, -14, -12, -10, -10, -11, -12, -12, -14, -14, -13, -13, -11, -11, -10, -16, -10, -29, -11, -13, -10, -10] profit : -276
Agent 2 : [-11, -19, -13, -14, -12, -17, -12, -11, -16, -11, -10, -15, -11, -15, -16, -12, -13, -11, -13, -10, -19, -18, -17, -15, -16] profit : -347
Agent 3 : [-10, -12, -11, -15, -12, -11, -14, -10, -13, -13, -21, -11, -16, -18, -10, -10, -11, -17, -17] profit : -252
Agent 4 : [-11, -18, -11, -15, -10, -12, -10, -18, -16, -10, -13, -19, -11, -11, -14, -16] profit : -215
Agent 5 : [-19, -10, -14, -14, -13, -11, -10, -12, -16, -11, -10, -17, -12, -15, -21, -12] profit : -217
Agent 6 : [-10, -11, -10, -12, -19, -10, -10, -18, -11, -20, -12, -11, -17, -11, -13, -13, -14, -16, -11, -10, -10] profit : -269
Agent 7 : [-11, -13, -10, -16, -14, -18, -18, -18, -13, -12, -15, -11, -10, -12, -11, -22, -11, -18, -14, -12, -12, -10] profit : -301
Agent 8 : [-10, -10, -10, -17, -12, -11, -11, -11, -10, -17, -10, -10, -10, -13, -15, -12, -14, -14, -18, -14] profit : -249
Agent 9 : [-14, -15, -10, -12, -12, -15, -13, -14, -11, -10, -19, -11, -12, -13, -11, -17, -19, -10, -10, -11, -10, -18, -10, -12] profit : -309
Total Profit : 2623.0 
