File Path : ../data/gap12_0.json
Run Time : 10.111627s

Num Agents : 10 | Num Tasks : 60

Weigths : 
Agent 0 : [17, 25, 6, 14, 16, 12, 19, 19, 5, 16, 23, 16, 15, 22, 19, 10, 25, 7, 24, 9, 7, 24, 22, 23, 10, 25, 21, 16, 13, 17, 9, 6, 16, 23, 11, 22, 14, 22, 5, 14, 9, 19, 24, 16, 6, 21, 19, 11, 22, 22, 19, 24, 12, 20, 15, 17, 21, 17, 25, 19]
Agent 1 : [6, 24, 12, 24, 14, 22, 11, 10, 25, 12, 20, 17, 18, 22, 11, 15, 20, 20, 21, 12, 5, 5, 25, 15, 24, 17, 7, 21, 11, 12, 24, 16, 12, 5, 9, 11, 14, 7, 14, 9, 13, 7, 25, 12, 6, 10, 7, 15, 13, 22, 6, 10, 5, 21, 5, 16, 16, 13, 5, 23]
Agent 2 : [21, 21, 7, 5, 20, 16, 9, 14, 22, 12, 9, 8, 14, 17, 22, 9, 17, 8, 12, 15, 24, 19, 6, 8, 16, 14, 14, 23, 14, 23, 5, 21, 17, 25, 13, 23, 23, 12, 20, 19, 16, 15, 22, 19, 18, 7, 5, 20, 19, 9, 23, 14, 14, 11, 20, 15, 25, 17, 12, 13]
Agent 3 : [22, 14, 19, 7, 5, 20, 19, 5, 20, 7, 12, 8, 13, 18, 16, 9, 23, 16, 16, 9, 25, 8, 13, 16, 6, 8, 5, 18, 12, 5, 12, 16, 12, 25, 5, 24, 23, 23, 25, 22, 17, 17, 21, 24, 16, 7, 17, 9, 13, 24, 22, 25, 25, 23, 12, 12, 8, 24, 14, 8]
Agent 4 : [17, 10, 18, 13, 14, 18, 6, 6, 11, 9, 12, 20, 15, 12, 18, 18, 11, 7, 9, 25, 13, 9, 10, 9, 15, 10, 19, 15, 15, 14, 25, 6, 12, 21, 9, 10, 18, 20, 13, 17, 17, 21, 15, 9, 22, 11, 14, 14, 13, 16, 12, 5, 14, 18, 24, 9, 19, 14, 9, 24]
Agent 5 : [24, 23, 6, 13, 9, 17, 18, 21, 10, 15, 15, 18, 14, 15, 11, 24, 20, 24, 16, 20, 23, 25, 9, 21, 21, 13, 9, 24, 12, 8, 14, 21, 16, 25, 20, 23, 8, 16, 20, 10, 5, 16, 11, 20, 10, 11, 21, 15, 12, 12, 21, 10, 19, 18, 10, 25, 23, 16, 8, 25]
Agent 6 : [5, 21, 24, 13, 21, 11, 18, 12, 24, 22, 20, 21, 16, 18, 8, 25, 7, 19, 11, 12, 18, 5, 15, 7, 12, 5, 23, 16, 12, 5, 8, 24, 25, 10, 13, 24, 22, 20, 12, 16, 18, 9, 21, 17, 19, 6, 21, 12, 6, 9, 24, 10, 8, 13, 13, 13, 23, 25, 8, 22]
Agent 7 : [9, 19, 23, 7, 5, 8, 16, 17, 21, 15, 15, 12, 21, 24, 15, 6, 7, 11, 5, 13, 10, 16, 19, 9, 22, 8, 21, 17, 7, 8, 25, 23, 20, 8, 14, 16, 5, 16, 5, 10, 17, 6, 18, 9, 19, 9, 11, 18, 23, 14, 24, 13, 20, 10, 22, 19, 6, 15, 18, 15]
Agent 8 : [23, 15, 16, 20, 19, 23, 8, 15, 24, 25, 25, 5, 13, 14, 12, 25, 5, 11, 23, 24, 18, 7, 17, 10, 25, 21, 13, 19, 18, 6, 8, 9, 21, 18, 5, 12, 8, 7, 19, 24, 7, 9, 22, 7, 9, 10, 14, 24, 22, 24, 15, 16, 11, 19, 18, 18, 16, 8, 6, 8]
Agent 9 : [10, 14, 24, 13, 18, 11, 13, 24, 22, 7, 12, 17, 23, 12, 15, 5, 5, 16, 20, 22, 18, 12, 20, 12, 9, 5, 7, 6, 25, 6, 7, 13, 7, 23, 21, 21, 18, 8, 23, 7, 11, 9, 15, 19, 9, 13, 22, 24, 18, 14, 11, 15, 15, 18, 22, 13, 17, 14, 11, 11]

Profits : 
Agent 0 : [25, 18, 15, 16, 18, 25, 19, 18, 25, 23, 19, 25, 19, 21, 24, 16, 18, 23, 18, 17, 25, 20, 24, 21, 17, 19, 24, 25, 17, 19, 19, 25, 20, 17, 21, 20, 20, 17, 19, 25, 25, 19, 23, 24, 20, 16, 21, 24, 17, 15, 17, 19, 15, 21, 25, 16, 21, 20, 24, 22]
Agent 1 : [21, 21, 15, 23, 23, 22, 20, 22, 21, 24, 20, 19, 23, 24, 23, 23, 22, 22, 15, 18, 20, 19, 20, 24, 22, 20, 20, 20, 20, 17, 20, 24, 18, 19, 22, 17, 21, 17, 19, 17, 22, 22, 18, 22, 20, 17, 19, 15, 15, 19, 23, 22, 24, 23, 17, 21, 25, 23, 20, 19]
Agent 2 : [21, 17, 24, 17, 24, 15, 22, 24, 20, 18, 21, 23, 19, 24, 23, 22, 22, 21, 16, 18, 21, 22, 25, 22, 17, 25, 22, 22, 24, 22, 25, 20, 16, 19, 23, 20, 18, 23, 23, 19, 19, 21, 17, 22, 15, 16, 23, 24, 17, 22, 23, 18, 24, 16, 20, 25, 19, 17, 22, 21]
Agent 3 : [21, 20, 22, 15, 23, 24, 25, 22, 18, 16, 23, 24, 20, 21, 15, 21, 17, 20, 24, 22, 24, 25, 16, 17, 18, 20, 25, 18, 24, 24, 24, 22, 19, 20, 15, 20, 17, 19, 16, 23, 15, 22, 22, 24, 15, 16, 20, 17, 21, 24, 24, 24, 24, 25, 19, 24, 25, 16, 22, 19]
Agent 4 : [24, 23, 22, 19, 18, 16, 23, 18, 22, 24, 25, 16, 23, 21, 17, 18, 19, 17, 25, 17, 18, 23, 24, 18, 24, 23, 23, 15, 19, 18, 24, 19, 19, 24, 24, 24, 15, 21, 21, 24, 24, 19, 23, 24, 21, 23, 24, 22, 18, 19, 24, 15, 17, 17, 25, 17, 24, 16, 19, 21]
Agent 5 : [16, 21, 19, 22, 16, 16, 17, 23, 25, 16, 18, 22, 15, 25, 20, 15, 18, 23, 22, 16, 17, 17, 16, 24, 24, 16, 17, 23, 19, 23, 15, 17, 24, 19, 24, 24, 24, 16, 22, 16, 18, 23, 23, 20, 16, 25, 23, 17, 18, 23, 24, 19, 22, 19, 19, 18, 21, 21, 22, 17]
Agent 6 : [23, 23, 19, 18, 19, 19, 21, 24, 22, 16, 17, 25, 24, 17, 23, 17, 20, 25, 25, 22, 17, 24, 17, 17, 23, 23, 16, 17, 19, 19, 23, 24, 17, 25, 18, 19, 18, 16, 17, 17, 24, 23, 17, 19, 15, 23, 22, 17, 23, 21, 15, 19, 18, 22, 23, 16, 16, 22, 16, 21]
Agent 7 : [24, 16, 15, 25, 16, 15, 20, 20, 22, 18, 21, 19, 21, 19, 17, 17, 17, 22, 25, 17, 20, 25, 15, 17, 20, 16, 23, 20, 23, 22, 23, 15, 21, 24, 21, 23, 19, 24, 17, 24, 25, 18, 24, 21, 20, 18, 22, 15, 16, 18, 23, 24, 25, 20, 20, 21, 17, 15, 24, 21]
Agent 8 : [18, 18, 18, 19, 18, 24, 22, 19, 25, 15, 16, 23, 17, 16, 18, 22, 21, 18, 21, 18, 20, 18, 16, 24, 17, 22, 24, 18, 22, 18, 24, 23, 23, 25, 20, 23, 18, 22, 21, 18, 24, 17, 15, 25, 23, 16, 22, 24, 18, 21, 16, 24, 22, 18, 25, 23, 23, 18, 16, 22]
Agent 9 : [16, 18, 19, 18, 18, 24, 24, 23, 25, 16, 20, 22, 25, 16, 20, 18, 19, 24, 24, 25, 22, 23, 23, 24, 18, 24, 16, 21, 17, 22, 22, 16, 15, 17, 19, 23, 15, 19, 22, 22, 23, 23, 16, 20, 22, 24, 20, 20, 23, 16, 24, 17, 22, 17, 19, 25, 16, 16, 19, 16]

Selected Item Coords : [(0, 2), (0, 15), (0, 19), (0, 28), (0, 49), (0, 52), (1, 33), (1, 35), (1, 37), (1, 46), (1, 47), (1, 48), (1, 54), (2, 18), (2, 24), (2, 44), (2, 45), (2, 53), (3, 3), (3, 8), (3, 9), (3, 14), (3, 34), (3, 40), (4, 7), (4, 11), (4, 17), (4, 20), (4, 27), (4, 51), (5, 6), (5, 12), (5, 22), (5, 25), (5, 30), (5, 39), (6, 10), (6, 23), (6, 43), (6, 55), (6, 58), (7, 1), (7, 4), (7, 5), (7, 16), (7, 38), (7, 56), (7, 57), (8, 13), (8, 21), (8, 29), (8, 41), (8, 42), (8, 50), (9, 0), (9, 26), (9, 31), (9, 32), (9, 36), (9, 59)]

Number of Selected Items : 60

Selected Weights : 
Agent 0 : [6, 10, 9, 13, 22, 12] total weight : 72 cap : 79
Agent 1 : [5, 11, 7, 7, 15, 13, 5] total weight : 63 cap : 67
Agent 2 : [12, 16, 18, 7, 11] total weight : 64 cap : 74
Agent 3 : [7, 20, 7, 16, 5, 17] total weight : 72 cap : 73
Agent 4 : [6, 20, 7, 13, 15, 5] total weight : 66 cap : 67
Agent 5 : [18, 14, 9, 13, 14, 10] total weight : 78 cap : 78
Agent 6 : [20, 7, 17, 13, 8] total weight : 65 cap : 73
Agent 7 : [19, 5, 8, 7, 5, 6, 15] total weight : 65 cap : 68
Agent 8 : [14, 7, 6, 9, 22, 15] total weight : 73 cap : 73
Agent 9 : [10, 7, 13, 7, 18, 11] total weight : 66 cap : 69

Selected Profits : 
Agent 0 : [15, 16, 17, 17, 15, 15] profit : 95
Agent 1 : [19, 17, 17, 19, 15, 15, 17] profit : 119
Agent 2 : [16, 17, 15, 16, 16] profit : 80
Agent 3 : [15, 18, 16, 15, 15, 15] profit : 94
Agent 4 : [18, 16, 17, 18, 15, 15] profit : 99
Agent 5 : [17, 15, 16, 16, 15, 16] profit : 95
Agent 6 : [17, 17, 19, 16, 16] profit : 85
Agent 7 : [16, 16, 15, 17, 17, 17, 15] profit : 113
Agent 8 : [16, 18, 18, 17, 15, 16] profit : 100
Agent 9 : [16, 16, 16, 15, 15, 16] profit : 94

Total Profit : 974 
Energy : 974.0
