File Path : ../data/gapa_2.json
Time Elapsed : 2.91s

Num Agents : 10 | Num Tasks : 100
Selected Item Coords : [(0, 0), (0, 1), (0, 11), (0, 24), (0, 25), (0, 32), (0, 35), (0, 37), (0, 53), (0, 54), (0, 76), (0, 83), (0, 93), (1, 17), (1, 18), (1, 19), (1, 22), (1, 23), (1, 26), (1, 57), (1, 70), (1, 80), (1, 82), (1, 95), (2, 5), (2, 8), (2, 9), (2, 15), (2, 21), (2, 34), (2, 48), (2, 59), (2, 63), (2, 72), (2, 79), (2, 91), (3, 13), (3, 30), (3, 38), (3, 39), (3, 43), (3, 44), (3, 60), (3, 61), (3, 99), (4, 2), (4, 6), (4, 52), (4, 64), (4, 65), (4, 74), (5, 4), (5, 10), (5, 14), (5, 29), (5, 31), (5, 41), (5, 42), (5, 50), (5, 78), (5, 81), (5, 84), (6, 16), (6, 33), (6, 45), (6, 46), (6, 68), (6, 71), (6, 89), (6, 92), (7, 3), (7, 7), (7, 27), (7, 28), (7, 36), (7, 47), (7, 77), (7, 85), (7, 86), (7, 88), (7, 94), (7, 98), (8, 12), (8, 40), (8, 55), (8, 56), (8, 58), (8, 62), (8, 66), (8, 69), (8, 73), (8, 75), (8, 87), (9, 20), (9, 49), (9, 51), (9, 67), (9, 90), (9, 96), (9, 97)]
Number of Selected Items : 100
Selected Weights : 
Agent 0 : [12, 18, 22, 6, 14, 16, 25, 9, 15, 16, 5, 19, 13] total weight : 190 cap : 192
Agent 1 : [20, 8, 14, 11, 10, 12, 10, 23, 8, 25, 23] total weight : 164 cap : 192
Agent 2 : [11, 23, 18, 18, 11, 17, 8, 5, 17, 9, 25, 19] total weight : 181 cap : 192
Agent 3 : [22, 23, 6, 7, 16, 24, 11, 6, 16] total weight : 131 cap : 192
Agent 4 : [14, 14, 15, 14, 20, 22] total weight : 99 cap : 192
Agent 5 : [13, 22, 13, 22, 18, 11, 22, 16, 13, 20, 12] total weight : 182 cap : 192
Agent 6 : [8, 15, 9, 8, 11, 24, 6, 11] total weight : 92 cap : 192
Agent 7 : [24, 16, 16, 19, 17, 25, 20, 6, 10, 17, 10, 12] total weight : 192 cap : 192
Agent 8 : [21, 17, 11, 6, 25, 22, 22, 17, 5, 22, 16] total weight : 184 cap : 192
Agent 9 : [9, 8, 15, 9, 5, 7, 22] total weight : 75 cap : 192

Selected Profits : 
Agent 0 : [-18, -12, -13, -13, -20, -18, -12, -23, -11, -21, -10, -10, -15] profit : -196
Agent 1 : [-12, -15, -15, -11, -19, -22, -14, -15, -14, -15, -10] profit : -162
Agent 2 : [-17, -11, -12, -12, -10, -12, -10, -10, -10, -17, -11, -10] profit : -142
Agent 3 : [-18, -17, -27, -14, -11, -17, -14, -12, -14] profit : -144
Agent 4 : [-17, -20, -12, -10, -20, -10] profit : -89
Agent 5 : [-10, -17, -12, -10, -10, -10, -13, -24, -10, -12, -11] profit : -139
Agent 6 : [-11, -11, -12, -14, -10, -11, -10, -20] profit : -99
Agent 7 : [-10, -20, -10, -21, -10, -14, -12, -11, -12, -18, -19, -12] profit : -169
Agent 8 : [-10, -16, -11, -16, -12, -10, -12, -11, -11, -12, -10] profit : -131
Agent 9 : [-16, -11, -14, -12, -12, -11, -13] profit : -89
Total Profit : 1360.0 
