File Path : ../data/gapd_3.json
Time Elapsed : 2.86s

Num Agents : 10 | Num Tasks : 200
Selected Item Coords : [(0, 4), (0, 12), (0, 20), (0, 22), (0, 24), (0, 28), (0, 29), (0, 40), (0, 58), (0, 63), (0, 84), (0, 90), (0, 102), (0, 108), (0, 113), (0, 117), (0, 119), (0, 126), (0, 133), (0, 170), (0, 173), (0, 174), (0, 179), (0, 181), (1, 9), (1, 10), (1, 21), (1, 30), (1, 34), (1, 57), (1, 62), (1, 69), (1, 71), (1, 105), (1, 122), (1, 128), (1, 141), (1, 142), (1, 152), (1, 172), (2, 0), (2, 13), (2, 19), (2, 23), (2, 44), (2, 60), (2, 65), (2, 72), (2, 81), (2, 83), (2, 88), (2, 96), (2, 99), (2, 103), (2, 110), (2, 125), (2, 130), (2, 132), (2, 137), (2, 150), (2, 153), (2, 160), (2, 164), (2, 175), (2, 191), (2, 196), (3, 11), (3, 17), (3, 25), (3, 41), (3, 46), (3, 47), (3, 51), (3, 54), (3, 73), (3, 75), (3, 82), (3, 87), (3, 106), (3, 116), (3, 127), (3, 156), (3, 169), (3, 195), (3, 199), (4, 5), (4, 6), (4, 26), (4, 27), (4, 31), (4, 42), (4, 45), (4, 67), (4, 77), (4, 78), (4, 93), (4, 109), (4, 157), (4, 159), (4, 182), (4, 184), (4, 186), (4, 187), (4, 194), (5, 18), (5, 32), (5, 33), (5, 35), (5, 37), (5, 38), (5, 43), (5, 50), (5, 53), (5, 55), (5, 89), (5, 95), (5, 100), (5, 101), (5, 114), (5, 115), (5, 139), (5, 144), (5, 151), (5, 158), (5, 176), (5, 178), (6, 14), (6, 49), (6, 52), (6, 56), (6, 66), (6, 68), (6, 70), (6, 80), (6, 94), (6, 98), (6, 104), (6, 118), (6, 123), (6, 131), (6, 134), (6, 155), (6, 161), (6, 183), (6, 192), (7, 3), (7, 48), (7, 61), (7, 74), (7, 85), (7, 107), (7, 121), (7, 129), (7, 135), (7, 138), (7, 140), (7, 146), (7, 147), (7, 149), (7, 162), (7, 168), (7, 177), (7, 185), (7, 190), (8, 1), (8, 2), (8, 8), (8, 15), (8, 16), (8, 36), (8, 39), (8, 59), (8, 76), (8, 86), (8, 91), (8, 92), (8, 97), (8, 124), (8, 154), (8, 166), (8, 180), (8, 188), (8, 198), (9, 7), (9, 64), (9, 79), (9, 111), (9, 112), (9, 120), (9, 136), (9, 143), (9, 145), (9, 148), (9, 163), (9, 165), (9, 167), (9, 171), (9, 189), (9, 193), (9, 197)]
Number of Selected Items : 200
Selected Weights : 
Agent 0 : [25, 45, 27, 20, 43, 42, 1, 16, 35, 11, 49, 61, 49, 12, 46, 43, 56, 55, 41, 31, 37, 9, 19, 11] total weight : 784 cap : 794
Agent 1 : [73, 45, 81, 21, 65, 85, 56, 80, 61, 29, 14, 74, 14, 19, 80, 9] total weight : 806 cap : 816
Agent 2 : [20, 44, 6, 38, 48, 5, 37, 7, 10, 9, 26, 83, 4, 41, 16, 37, 37, 38, 7, 7, 26, 14, 53, 12, 51, 78] total weight : 754 cap : 758
Agent 3 : [12, 67, 51, 36, 33, 46, 56, 10, 66, 9, 60, 2, 35, 60, 37, 77, 5, 68, 37] total weight : 767 cap : 776
Agent 4 : [8, 12, 25, 57, 34, 28, 77, 7, 50, 42, 40, 48, 58, 63, 28, 31, 95, 60, 13] total weight : 776 cap : 791
Agent 5 : [30, 51, 37, 29, 45, 63, 67, 59, 58, 48, 32, 60, 11, 39, 12, 20, 23, 9, 17, 27, 17, 36] total weight : 790 cap : 791
Agent 6 : [65, 63, 7, 68, 50, 17, 29, 56, 33, 39, 19, 26, 72, 86, 19, 50, 50, 23, 31] total weight : 803 cap : 805
Agent 7 : [17, 16, 50, 75, 35, 5, 50, 47, 41, 43, 79, 54, 41, 25, 42, 46, 8, 62, 67] total weight : 803 cap : 805
Agent 8 : [50, 19, 44, 90, 75, 24, 8, 84, 3, 72, 47, 29, 59, 38, 9, 55, 65, 10, 24] total weight : 805 cap : 836
Agent 9 : [25, 46, 94, 41, 61, 8, 72, 34, 68, 53, 63, 52, 65, 26, 38, 76, 72] total weight : 894 cap : 897

Selected Profits : 
Agent 0 : [-76, -65, -74, -90, -67, -62, -100, -85, -75, -109, -54, -46, -54, -102, -57, -62, -53, -46, -63, -73, -81, -101, -89, -90] profit : -1774
Agent 1 : [-36, -58, -29, -80, -42, -25, -47, -26, -41, -73, -92, -29, -94, -85, -28, -95] profit : -880
Agent 2 : [-86, -67, -95, -64, -55, -97, -64, -95, -104, -95, -78, -21, -99, -62, -89, -72, -71, -80, -94, -100, -78, -87, -50, -89, -53, -28] profit : -1973
Agent 3 : [-95, -36, -53, -67, -70, -66, -55, -91, -39, -92, -51, -100, -67, -44, -64, -24, -102, -34, -67] profit : -1217
Agent 4 : [-96, -96, -85, -58, -70, -78, -37, -108, -54, -73, -81, -55, -47, -40, -80, -72, -16, -52, -95] profit : -1293
Agent 5 : [-73, -60, -78, -77, -69, -38, -44, -50, -45, -61, -72, -43, -95, -63, -91, -85, -86, -102, -84, -79, -86, -72] profit : -1553
Agent 6 : [-40, -42, -97, -38, -56, -87, -81, -51, -68, -73, -94, -79, -42, -31, -84, -54, -55, -78, -77] profit : -1227
Agent 7 : [-85, -86, -54, -37, -70, -110, -59, -65, -74, -58, -28, -60, -64, -79, -60, -75, -96, -48, -48] profit : -1256
Agent 8 : [-59, -88, -59, -12, -32, -80, -96, -22, -104, -41, -68, -73, -44, -76, -94, -49, -43, -96, -80] profit : -1216
Agent 9 : [-83, -56, -15, -79, -40, -96, -40, -75, -37, -48, -38, -56, -49, -78, -82, -35, -30] profit : -937
Total Profit : 13326.0 
