File Path : ../data/e05200.json
Time Elapsed : 2.75s

Num Agents : 5 | Num Tasks : 200
Selected Item Coords : [(0, 0), (0, 1), (0, 4), (0, 10), (0, 13), (0, 20), (0, 32), (0, 39), (0, 43), (0, 44), (0, 45), (0, 61), (0, 63), (0, 77), (0, 82), (0, 84), (0, 86), (0, 96), (0, 107), (0, 119), (0, 123), (0, 133), (0, 137), (0, 138), (0, 146), (0, 150), (0, 151), (0, 154), (0, 156), (0, 159), (0, 161), (0, 173), (0, 175), (0, 177), (0, 184), (0, 185), (0, 186), (1, 6), (1, 7), (1, 15), (1, 21), (1, 23), (1, 24), (1, 29), (1, 31), (1, 33), (1, 41), (1, 51), (1, 53), (1, 66), (1, 69), (1, 81), (1, 92), (1, 98), (1, 99), (1, 112), (1, 114), (1, 120), (1, 124), (1, 125), (1, 127), (1, 131), (1, 139), (1, 141), (1, 144), (1, 148), (1, 149), (1, 157), (1, 158), (1, 160), (1, 164), (1, 165), (1, 169), (1, 172), (1, 178), (1, 189), (1, 197), (2, 2), (2, 11), (2, 12), (2, 14), (2, 22), (2, 34), (2, 36), (2, 40), (2, 47), (2, 48), (2, 59), (2, 64), (2, 71), (2, 72), (2, 73), (2, 74), (2, 76), (2, 79), (2, 83), (2, 85), (2, 87), (2, 89), (2, 97), (2, 101), (2, 109), (2, 110), (2, 113), (2, 117), (2, 122), (2, 126), (2, 129), (2, 130), (2, 132), (2, 134), (2, 136), (2, 153), (2, 162), (2, 176), (2, 180), (2, 188), (2, 191), (3, 16), (3, 27), (3, 28), (3, 37), (3, 38), (3, 46), (3, 52), (3, 54), (3, 55), (3, 57), (3, 58), (3, 62), (3, 65), (3, 67), (3, 75), (3, 88), (3, 93), (3, 94), (3, 95), (3, 100), (3, 103), (3, 104), (3, 105), (3, 116), (3, 118), (3, 142), (3, 143), (3, 147), (3, 152), (3, 163), (3, 166), (3, 170), (3, 171), (3, 179), (3, 182), (3, 183), (3, 187), (3, 192), (3, 193), (3, 195), (3, 196), (3, 198), (4, 3), (4, 5), (4, 8), (4, 9), (4, 17), (4, 18), (4, 19), (4, 25), (4, 26), (4, 30), (4, 35), (4, 42), (4, 49), (4, 50), (4, 56), (4, 60), (4, 68), (4, 70), (4, 78), (4, 80), (4, 90), (4, 91), (4, 102), (4, 106), (4, 108), (4, 111), (4, 115), (4, 121), (4, 128), (4, 135), (4, 140), (4, 145), (4, 155), (4, 167), (4, 168), (4, 174), (4, 181), (4, 190), (4, 194), (4, 199)]
Number of Selected Items : 200
Selected Weights : 
Agent 0 : [11, 7, 7, 7, 9, 8, 5, 10, 11, 10, 9, 6, 8, 8, 11, 6, 16, 5, 9, 7, 5, 8, 6, 7, 12, 8, 7, 9, 9, 8, 12, 9, 14, 9, 8, 5, 13] total weight : 319 cap : 319
Agent 1 : [6, 13, 5, 16, 7, 12, 10, 8, 9, 11, 8, 10, 6, 13, 18, 9, 10, 12, 18, 11, 16, 10, 13, 10, 5, 5, 6, 15, 10, 4, 7, 4, 8, 9, 10, 6, 12, 12, 4, 10] total weight : 388 cap : 388
Agent 2 : [6, 9, 11, 10, 4, 8, 3, 10, 4, 4, 11, 11, 10, 9, 8, 6, 11, 9, 6, 8, 6, 9, 6, 7, 9, 11, 10, 6, 6, 10, 5, 7, 7, 6, 17, 7, 12, 11, 7, 3, 4] total weight : 324 cap : 327
Agent 3 : [7, 7, 6, 14, 8, 10, 6, 7, 4, 8, 6, 9, 11, 10, 10, 2, 11, 18, 8, 5, 8, 13, 6, 10, 5, 12, 8, 6, 5, 5, 9, 5, 8, 6, 7, 4, 6, 8, 6, 11, 9, 3] total weight : 327 cap : 328
Agent 4 : [9, 14, 6, 6, 15, 12, 8, 13, 14, 9, 9, 6, 8, 8, 13, 8, 11, 7, 7, 8, 6, 14, 6, 13, 9, 6, 3, 8, 16, 7, 5, 9, 8, 7, 9, 11, 11, 8, 6, 10] total weight : 363 cap : 365

Selected Profits : 
Agent 0 : [-87, -139, -141, -139, -101, -124, -197, -92, -84, -96, -104, -164, -125, -115, -86, -156, -52, -193, -106, -135, -199, -121, -158, -137, -76, -118, -133, -101, -101, -120, -77, -106, -65, -108, -124, -196, -74] profit : -4450
Agent 1 : [-159, -72, -191, -53, -140, -73, -90, -124, -106, -89, -123, -90, -165, -74, -54, -101, -92, -73, -52, -88, -61, -95, -74, -92, -199, -192, -158, -59, -93, -247, -138, -249, -115, -108, -95, -158, -75, -76, -248, -97] profit : -4638
Agent 2 : [-163, -106, -85, -90, -240, -116, -326, -99, -242, -245, -84, -84, -90, -105, -118, -161, -83, -110, -162, -120, -165, -108, -156, -139, -107, -81, -100, -164, -160, -94, -194, -137, -135, -164, -49, -132, -73, -85, -138, -327, -249] profit : -5786
Agent 3 : [-141, -141, -161, -65, -118, -90, -163, -132, -245, -119, -157, -105, -82, -95, -95, -493, -80, -48, -119, -190, -120, -73, -164, -94, -192, -79, -115, -158, -191, -195, -101, -192, -123, -159, -136, -247, -162, -119, -162, -86, -107, -323] profit : -6137
Agent 4 : [-101, -66, -160, -158, -56, -80, -123, -73, -66, -101, -102, -159, -119, -118, -74, -115, -87, -135, -133, -115, -156, -61, -164, -74, -104, -163, -327, -117, -52, -139, -195, -110, -116, -140, -110, -83, -86, -120, -156, -90] profit : -4704
Total Profit : 25715.0 
