File Path : ../data/yag_200_5_1.json
Time Elapsed : 2.62s

Num Agents : 5 | Num Tasks : 200
Selected Item Coords : [(0, 14), (0, 19), (0, 20), (0, 21), (0, 27), (0, 29), (0, 30), (0, 32), (0, 34), (0, 46), (0, 47), (0, 57), (0, 65), (0, 67), (0, 68), (0, 70), (0, 76), (0, 83), (0, 88), (0, 97), (0, 103), (0, 105), (0, 110), (0, 117), (0, 124), (0, 132), (0, 138), (0, 139), (0, 141), (0, 147), (0, 149), (0, 150), (0, 151), (0, 152), (0, 156), (0, 159), (0, 171), (0, 174), (0, 179), (0, 182), (0, 186), (0, 189), (0, 197), (1, 1), (1, 11), (1, 12), (1, 13), (1, 15), (1, 23), (1, 25), (1, 35), (1, 39), (1, 42), (1, 52), (1, 59), (1, 63), (1, 71), (1, 78), (1, 80), (1, 87), (1, 89), (1, 91), (1, 94), (1, 98), (1, 109), (1, 112), (1, 115), (1, 118), (1, 119), (1, 120), (1, 121), (1, 123), (1, 128), (1, 129), (1, 136), (1, 137), (1, 154), (1, 161), (1, 162), (1, 163), (1, 166), (1, 176), (1, 181), (1, 187), (2, 5), (2, 6), (2, 10), (2, 16), (2, 17), (2, 28), (2, 33), (2, 36), (2, 37), (2, 40), (2, 45), (2, 51), (2, 60), (2, 62), (2, 72), (2, 73), (2, 75), (2, 79), (2, 84), (2, 86), (2, 96), (2, 99), (2, 104), (2, 107), (2, 108), (2, 116), (2, 126), (2, 127), (2, 130), (2, 142), (2, 146), (2, 148), (2, 164), (2, 170), (2, 173), (2, 180), (2, 184), (2, 185), (2, 188), (2, 190), (2, 191), (2, 199), (3, 0), (3, 2), (3, 4), (3, 18), (3, 22), (3, 24), (3, 31), (3, 38), (3, 44), (3, 50), (3, 55), (3, 56), (3, 61), (3, 64), (3, 66), (3, 69), (3, 85), (3, 90), (3, 100), (3, 111), (3, 114), (3, 122), (3, 125), (3, 133), (3, 134), (3, 135), (3, 140), (3, 153), (3, 155), (3, 157), (3, 160), (3, 169), (3, 172), (3, 175), (3, 178), (3, 193), (3, 195), (3, 196), (4, 3), (4, 7), (4, 8), (4, 9), (4, 26), (4, 41), (4, 43), (4, 48), (4, 49), (4, 53), (4, 54), (4, 58), (4, 74), (4, 77), (4, 81), (4, 82), (4, 92), (4, 93), (4, 95), (4, 101), (4, 102), (4, 106), (4, 113), (4, 131), (4, 143), (4, 144), (4, 145), (4, 158), (4, 165), (4, 167), (4, 168), (4, 177), (4, 183), (4, 192), (4, 194), (4, 198)]
Number of Selected Items : 200
Selected Weights : 
Agent 0 : [41, 18, 11, 73, 44, 14, 17, 57, 41, 27, 34, 46, 7, 11, 55, 25, 27, 48, 43, 73, 21, 15, 46, 44, 30, 45, 60, 27, 43, 59, 7, 58, 80, 42, 48, 48, 24, 47, 47, 64, 12, 40, 20] total weight : 1639 cap : 1643
Agent 1 : [33, 62, 27, 45, 34, 16, 56, 38, 35, 24, 28, 78, 64, 55, 55, 65, 8, 22, 19, 21, 48, 46, 34, 52, 16, 8, 37, 58, 8, 36, 38, 32, 44, 80, 51, 34, 42, 3, 31, 48, 28] total weight : 1559 cap : 1566
Agent 2 : [40, 23, 6, 18, 67, 43, 40, 57, 17, 9, 58, 36, 39, 15, 48, 71, 58, 12, 50, 49, 38, 39, 25, 27, 15, 51, 31, 67, 21, 45, 46, 3, 33, 40, 7, 79, 22, 61, 25, 85, 65, 31] total weight : 1612 cap : 1617
Agent 3 : [69, 41, 46, 78, 32, 66, 38, 63, 39, 96, 41, 58, 39, 41, 53, 31, 30, 32, 6, 12, 51, 12, 64, 39, 3, 32, 21, 34, 54, 60, 37, 20, 43, 21, 46, 33, 77, 47] total weight : 1605 cap : 1609
Agent 4 : [22, 43, 43, 46, 31, 43, 27, 74, 40, 3, 18, 57, 22, 52, 71, 37, 47, 72, 5, 49, 47, 49, 23, 20, 50, 49, 42, 86, 33, 68, 70, 11, 40, 60, 23, 62] total weight : 1535 cap : 1549

Selected Profits : 
Agent 0 : [-60, -88, -96, -43, -64, -99, -92, -53, -72, -77, -73, -61, -108, -94, -58, -86, -78, -66, -70, -28, -83, -94, -74, -63, -85, -57, -48, -77, -64, -56, -95, -47, -23, -62, -59, -59, -81, -55, -64, -38, -89, -65, -84] profit : -2988
Agent 1 : [-76, -46, -85, -74, -71, -95, -45, -68, -76, -79, -76, -32, -56, -49, -53, -37, -98, -84, -88, -88, -58, -68, -68, -60, -95, -93, -79, -46, -95, -65, -75, -80, -61, -32, -62, -80, -72, -108, -73, -57, -76] profit : -2879
Agent 2 : [-61, -97, -95, -85, -43, -66, -67, -51, -89, -96, -44, -68, -63, -90, -53, -32, -44, -94, -55, -62, -63, -65, -76, -79, -99, -51, -80, -35, -80, -66, -66, -104, -85, -65, -95, -23, -83, -46, -82, -21, -41, -71] profit : -2831
Agent 3 : [-35, -62, -57, -31, -70, -37, -70, -56, -69, -6, -67, -44, -67, -64, -55, -77, -81, -86, -95, -90, -58, -104, -44, -64, -111, -73, -80, -69, -49, -46, -69, -84, -67, -99, -64, -69, -38, -60] profit : -2467
Agent 4 : [-80, -60, -66, -64, -70, -65, -77, -32, -64, -101, -98, -50, -86, -63, -31, -66, -65, -34, -103, -56, -56, -54, -81, -84, -66, -56, -63, -18, -76, -37, -45, -90, -65, -45, -88, -57] profit : -2312
Total Profit : 13477.0 
