File Path : ../data/yag_200_10_2.json
Time Elapsed : 2.88s

Num Agents : 10 | Num Tasks : 200
Selected Item Coords : [(0, 9), (0, 24), (0, 27), (0, 37), (0, 47), (0, 49), (0, 50), (0, 72), (0, 83), (0, 90), (0, 104), (0, 110), (0, 130), (0, 132), (0, 137), (0, 144), (0, 172), (0, 174), (0, 187), (0, 190), (1, 0), (1, 19), (1, 20), (1, 26), (1, 30), (1, 36), (1, 52), (1, 57), (1, 69), (1, 71), (1, 84), (1, 95), (1, 102), (1, 111), (1, 134), (1, 143), (1, 149), (1, 152), (1, 155), (1, 167), (1, 189), (2, 1), (2, 5), (2, 7), (2, 11), (2, 12), (2, 62), (2, 66), (2, 106), (2, 107), (2, 121), (2, 131), (2, 136), (2, 139), (2, 140), (2, 163), (2, 175), (2, 181), (2, 182), (2, 194), (2, 195), (3, 2), (3, 3), (3, 14), (3, 16), (3, 21), (3, 35), (3, 43), (3, 45), (3, 60), (3, 81), (3, 86), (3, 113), (3, 148), (3, 150), (3, 158), (3, 159), (3, 183), (3, 186), (4, 23), (4, 28), (4, 31), (4, 33), (4, 53), (4, 55), (4, 67), (4, 68), (4, 75), (4, 77), (4, 80), (4, 87), (4, 124), (4, 125), (4, 135), (4, 145), (4, 154), (4, 156), (4, 168), (4, 188), (4, 192), (5, 4), (5, 6), (5, 41), (5, 51), (5, 56), (5, 61), (5, 64), (5, 89), (5, 105), (5, 108), (5, 118), (5, 128), (5, 129), (5, 133), (5, 142), (5, 146), (5, 151), (5, 153), (5, 157), (5, 197), (6, 17), (6, 25), (6, 34), (6, 38), (6, 40), (6, 46), (6, 54), (6, 59), (6, 65), (6, 76), (6, 78), (6, 85), (6, 94), (6, 126), (6, 147), (6, 162), (6, 173), (6, 177), (6, 180), (7, 8), (7, 22), (7, 48), (7, 70), (7, 73), (7, 79), (7, 97), (7, 98), (7, 100), (7, 109), (7, 114), (7, 123), (7, 161), (7, 164), (7, 165), (7, 171), (7, 176), (7, 191), (7, 193), (8, 10), (8, 13), (8, 15), (8, 18), (8, 39), (8, 74), (8, 88), (8, 91), (8, 92), (8, 93), (8, 112), (8, 115), (8, 116), (8, 117), (8, 119), (8, 122), (8, 141), (8, 169), (8, 178), (8, 179), (8, 184), (8, 196), (9, 29), (9, 32), (9, 42), (9, 44), (9, 58), (9, 63), (9, 82), (9, 96), (9, 99), (9, 101), (9, 103), (9, 120), (9, 127), (9, 138), (9, 160), (9, 166), (9, 170), (9, 185), (9, 198), (9, 199)]
Number of Selected Items : 200
Selected Weights : 
Agent 0 : [43, 43, 23, 3, 66, 6, 41, 47, 11, 29, 21, 41, 28, 39, 50, 42, 13, 61, 68, 42] total weight : 717 cap : 727
Agent 1 : [34, 16, 12, 45, 26, 46, 29, 33, 46, 49, 58, 12, 46, 17, 49, 76, 21, 8, 51, 42, 98] total weight : 814 cap : 822
Agent 2 : [51, 36, 23, 58, 14, 19, 34, 5, 37, 64, 54, 38, 67, 30, 42, 29, 24, 50, 53, 34] total weight : 762 cap : 765
Agent 3 : [33, 44, 82, 46, 36, 56, 59, 22, 26, 14, 29, 33, 46, 73, 25, 67, 18, 83] total weight : 792 cap : 796
Agent 4 : [68, 38, 21, 47, 2, 45, 38, 27, 45, 33, 7, 24, 36, 42, 47, 52, 35, 69, 7, 59, 58] total weight : 800 cap : 831
Agent 5 : [45, 39, 6, 49, 43, 92, 60, 3, 32, 45, 18, 6, 99, 42, 48, 26, 16, 31, 41, 3] total weight : 744 cap : 773
Agent 6 : [42, 12, 33, 57, 40, 31, 46, 32, 74, 31, 39, 29, 47, 62, 48, 59, 41, 71, 53] total weight : 847 cap : 848
Agent 7 : [47, 86, 35, 60, 20, 42, 45, 61, 33, 32, 32, 35, 30, 17, 8, 40, 35, 86, 59] total weight : 803 cap : 803
Agent 8 : [52, 42, 15, 37, 16, 31, 53, 53, 41, 29, 5, 58, 39, 51, 45, 44, 80, 9, 40, 6, 38, 33] total weight : 817 cap : 818
Agent 9 : [72, 15, 22, 18, 57, 24, 14, 29, 64, 36, 58, 40, 41, 68, 41, 55, 16, 27, 39, 19] total weight : 755 cap : 761

Selected Profits : 
Agent 0 : [-59, -66, -80, -100, -42, -96, -63, -54, -91, -83, -85, -65, -87, -63, -51, -62, -88, -44, -39, -59] profit : -1377
Agent 1 : [-70, -88, -89, -62, -81, -56, -76, -71, -58, -54, -52, -92, -60, -85, -71, -31, -89, -93, -55, -59, -17] profit : -1409
Agent 2 : [-51, -66, -78, -47, -87, -82, -75, -96, -75, -53, -62, -64, -53, -76, -62, -73, -85, -54, -52, -68] profit : -1359
Agent 3 : [-76, -70, -27, -55, -74, -47, -46, -86, -75, -92, -73, -68, -56, -30, -77, -52, -86, -21] profit : -1111
Agent 4 : [-35, -71, -88, -57, -99, -60, -69, -86, -57, -68, -96, -78, -72, -60, -62, -50, -66, -35, -95, -54, -43] profit : -1401
Agent 5 : [-56, -65, -95, -66, -72, -14, -59, -114, -84, -57, -83, -100, -3, -59, -57, -78, -87, -72, -64, -102] profit : -1387
Agent 6 : [-66, -89, -82, -47, -62, -76, -62, -79, -28, -71, -63, -75, -60, -40, -57, -54, -78, -31, -61] profit : -1181
Agent 7 : [-65, -22, -75, -41, -84, -67, -59, -56, -68, -82, -72, -66, -76, -98, -104, -76, -75, -16, -49] profit : -1251
Agent 8 : [-50, -59, -96, -71, -87, -78, -48, -51, -65, -74, -97, -47, -76, -57, -57, -69, -30, -94, -64, -98, -72, -71] profit : -1511
Agent 9 : [-34, -102, -85, -91, -48, -80, -88, -81, -40, -70, -55, -70, -71, -38, -68, -52, -89, -77, -77, -85] profit : -1401
Total Profit : 13388.0 
