File Path : ../data/gamma_100_5_3.json
Time Elapsed : 2.47s

Num Agents : 5 | Num Tasks : 100
Selected Item Coords : [(0, 0), (0, 1), (0, 2), (0, 5), (0, 6), (0, 9), (0, 10), (0, 13), (0, 17), (0, 22), (0, 25), (0, 26), (0, 27), (0, 30), (0, 34), (0, 35), (0, 36), (0, 37), (0, 38), (0, 39), (0, 40), (0, 41), (0, 49), (0, 51), (0, 52), (0, 53), (0, 58), (0, 61), (0, 62), (0, 65), (0, 67), (0, 68), (0, 72), (0, 75), (0, 78), (0, 79), (0, 83), (0, 90), (0, 95), (0, 98), (0, 99), (1, 11), (1, 16), (1, 21), (1, 28), (1, 29), (1, 42), (1, 43), (1, 47), (1, 50), (1, 54), (1, 56), (1, 57), (1, 59), (1, 63), (1, 64), (1, 66), (1, 69), (1, 71), (1, 76), (1, 81), (1, 88), (1, 91), (1, 97), (2, 18), (2, 44), (2, 45), (2, 46), (2, 48), (2, 55), (2, 70), (2, 73), (2, 86), (2, 89), (3, 3), (3, 4), (3, 7), (3, 8), (3, 12), (3, 14), (3, 15), (3, 19), (3, 20), (3, 23), (3, 32), (3, 60), (3, 74), (3, 77), (3, 80), (3, 82), (3, 84), (3, 85), (3, 92), (3, 93), (3, 94), (3, 96), (4, 24), (4, 31), (4, 33), (4, 87)]
Number of Selected Items : 100
Selected Weights : 
Agent 0 : [17, 19, 9, 5, 24, 12, 18, 9, 19, 19, 9, 12, 14, 4, 9, 13, 10, 10, 11, 11, 11, 10, 10, 12, 14, 9, 16, 9, 21, 9, 17, 16, 18, 19, 10, 19, 10, 14, 18, 15, 12] total weight : 543 cap : 543
Agent 1 : [19, 22, 31, 34, 47, 120, 9, 87, 74, 58, 52, 52, 49, 52, 54, 56, 55, 62, 79, 70, 53, 28, 118] total weight : 1281 cap : 1295
Agent 2 : [14, 8, 7, 14, 14, 10, 19, 9, 8, 14] total weight : 117 cap : 118
Agent 3 : [14, 16, 20, 27, 31, 32, 83, 34, 27, 32, 14, 85, 105, 94, 79, 85, 81, 113, 96, 98, 104, 20] total weight : 1290 cap : 1297
Agent 4 : [186, 59, 79, 88] total weight : 412 cap : 600

Selected Profits : 
Agent 0 : [-20, -23, -11, -8, -25, -15, -21, -11, -21, -22, -11, -15, -16, -6, -11, -16, -13, -13, -14, -14, -14, -13, -12, -14, -16, -12, -18, -12, -24, -11, -19, -17, -21, -21, -12, -23, -12, -16, -21, -17, -14] profit : -645
Agent 1 : [-23, -26, -29, -32, -44, -119, -6, -88, -80, -56, -46, -46, -45, -46, -51, -52, -52, -60, -84, -75, -47, -26, -104] profit : -1237
Agent 2 : [-15, -10, -7, -15, -15, -11, -19, -10, -9, -15] profit : -126
Agent 3 : [-12, -14, -15, -16, -19, -23, -86, -29, -17, -22, -11, -90, -102, -98, -80, -89, -85, -103, -100, -101, -101, -14] profit : -1227
Agent 4 : [-204, -53, -68, -80] profit : -405
Total Profit : 3640.0 
