File Path : ../data/yag_100_10_0.json
Time Elapsed : 2.76s

Num Agents : 10 | Num Tasks : 100
Selected Item Coords : [(0, 2), (0, 6), (0, 10), (0, 14), (0, 18), (0, 22), (0, 87), (0, 94), (1, 32), (1, 36), (1, 44), (1, 45), (1, 50), (1, 54), (1, 57), (1, 59), (1, 66), (1, 80), (1, 90), (1, 97), (2, 4), (2, 7), (2, 13), (2, 16), (2, 26), (2, 30), (2, 33), (2, 53), (2, 55), (2, 84), (2, 88), (2, 89), (3, 12), (3, 20), (3, 21), (3, 29), (3, 39), (3, 60), (3, 61), (3, 68), (3, 74), (3, 86), (3, 92), (4, 17), (4, 37), (4, 64), (4, 67), (4, 72), (4, 73), (4, 91), (4, 93), (4, 99), (5, 19), (5, 28), (5, 40), (5, 41), (5, 49), (5, 58), (5, 65), (5, 81), (5, 82), (5, 85), (5, 95), (6, 25), (6, 38), (6, 42), (6, 46), (6, 52), (6, 62), (6, 70), (6, 77), (6, 83), (6, 96), (7, 0), (7, 9), (7, 27), (7, 34), (7, 48), (7, 56), (7, 76), (7, 78), (8, 5), (8, 8), (8, 11), (8, 31), (8, 35), (8, 51), (8, 63), (8, 69), (8, 71), (8, 79), (9, 1), (9, 3), (9, 15), (9, 23), (9, 24), (9, 43), (9, 47), (9, 75), (9, 98)]
Number of Selected Items : 100
Selected Weights : 
Agent 0 : [41, 56, 68, 19, 34, 13, 72, 68] total weight : 371 cap : 383
Agent 1 : [34, 14, 40, 27, 15, 20, 40, 35, 38, 35, 38, 67] total weight : 403 cap : 412
Agent 2 : [43, 8, 16, 7, 59, 73, 34, 65, 8, 49, 37, 60] total weight : 459 cap : 460
Agent 3 : [14, 21, 28, 45, 25, 48, 33, 36, 33, 17, 44] total weight : 344 cap : 363
Agent 4 : [56, 69, 26, 59, 41, 55, 47, 36, 10] total weight : 399 cap : 399
Agent 5 : [16, 36, 71, 40, 41, 35, 48, 48, 1, 25, 37] total weight : 398 cap : 413
Agent 6 : [35, 50, 27, 49, 42, 35, 17, 19, 32, 55] total weight : 361 cap : 362
Agent 7 : [51, 23, 93, 36, 16, 69, 57, 30] total weight : 375 cap : 383
Agent 8 : [9, 45, 12, 52, 21, 88, 75, 30, 33, 37] total weight : 402 cap : 404
Agent 9 : [58, 41, 63, 15, 32, 73, 5, 31, 37] total weight : 355 cap : 358

Selected Profits : 
Agent 0 : [-62, -46, -37, -84, -68, -105, -31, -33] profit : -466
Agent 1 : [-81, -103, -72, -74, -88, -82, -66, -69, -64, -79, -67, -38] profit : -883
Agent 2 : [-70, -95, -86, -94, -42, -29, -79, -39, -106, -52, -65, -44] profit : -801
Agent 3 : [-98, -80, -73, -63, -80, -59, -70, -72, -68, -87, -58] profit : -808
Agent 4 : [-45, -36, -77, -46, -61, -58, -61, -75, -91] profit : -550
Agent 5 : [-88, -69, -34, -79, -76, -70, -68, -55, -105, -82, -64] profit : -790
Agent 6 : [-69, -51, -74, -62, -59, -68, -94, -86, -72, -62] profit : -697
Agent 7 : [-53, -85, -9, -66, -89, -34, -52, -79] profit : -467
Agent 8 : [-97, -72, -93, -52, -80, -17, -26, -74, -68, -72] profit : -651
Agent 9 : [-45, -63, -49, -88, -76, -31, -97, -76, -65] profit : -590
Total Profit : 6703.0 
