File Path : ../data/e40400.json
Time Elapsed : 3.28s

Num Agents : 40 | Num Tasks : 400
Selected Item Coords : [(0, 1), (0, 6), (0, 68), (0, 96), (0, 138), (0, 269), (0, 271), (0, 298), (0, 304), (0, 357), (0, 390), (1, 5), (1, 59), (1, 71), (1, 79), (1, 83), (1, 130), (1, 212), (1, 254), (1, 375), (1, 382), (2, 3), (2, 76), (2, 193), (2, 195), (2, 223), (2, 224), (2, 244), (2, 278), (2, 324), (2, 333), (2, 335), (2, 368), (2, 378), (3, 48), (3, 72), (3, 119), (3, 147), (3, 235), (3, 286), (3, 308), (3, 309), (3, 322), (3, 349), (4, 22), (4, 34), (4, 43), (4, 148), (4, 160), (4, 205), (4, 226), (4, 252), (4, 266), (4, 350), (5, 9), (5, 27), (5, 128), (5, 203), (5, 292), (5, 300), (5, 318), (5, 319), (5, 331), (5, 376), (5, 398), (6, 51), (6, 104), (6, 124), (6, 151), (6, 183), (6, 290), (6, 339), (6, 341), (6, 383), (7, 2), (7, 100), (7, 159), (7, 208), (7, 259), (7, 289), (7, 306), (7, 334), (7, 337), (7, 340), (8, 25), (8, 47), (8, 85), (8, 105), (8, 137), (8, 161), (8, 172), (8, 231), (8, 240), (8, 249), (9, 120), (9, 182), (9, 189), (9, 198), (9, 251), (9, 283), (9, 296), (9, 312), (9, 317), (9, 338), (9, 381), (10, 17), (10, 97), (10, 108), (10, 123), (10, 175), (10, 186), (10, 192), (10, 255), (10, 257), (10, 264), (10, 391), (11, 92), (11, 111), (11, 191), (11, 218), (11, 228), (11, 265), (11, 321), (11, 355), (11, 388), (12, 18), (12, 45), (12, 88), (12, 118), (12, 204), (12, 262), (12, 279), (12, 330), (12, 389), (13, 7), (13, 136), (13, 150), (13, 166), (13, 200), (13, 216), (13, 316), (13, 329), (13, 343), (13, 346), (14, 69), (14, 141), (14, 188), (14, 190), (14, 213), (14, 284), (14, 295), (14, 320), (14, 399), (15, 0), (15, 35), (15, 95), (15, 117), (15, 127), (15, 132), (15, 169), (15, 178), (15, 270), (15, 342), (15, 354), (15, 385), (16, 70), (16, 75), (16, 78), (16, 162), (16, 176), (16, 177), (16, 207), (16, 277), (16, 307), (16, 360), (17, 54), (17, 82), (17, 113), (17, 157), (17, 184), (17, 209), (17, 256), (17, 288), (17, 327), (17, 369), (17, 394), (18, 8), (18, 10), (18, 15), (18, 19), (18, 23), (18, 32), (18, 37), (18, 90), (18, 221), (18, 326), (19, 60), (19, 125), (19, 142), (19, 179), (19, 211), (19, 294), (19, 358), (19, 359), (19, 372), (20, 28), (20, 74), (20, 122), (20, 133), (20, 149), (20, 154), (20, 180), (20, 348), (20, 374), (21, 14), (21, 50), (21, 67), (21, 135), (21, 164), (21, 234), (21, 268), (21, 328), (21, 332), (21, 365), (22, 13), (22, 33), (22, 38), (22, 87), (22, 112), (22, 174), (22, 194), (22, 258), (22, 282), (22, 370), (23, 30), (23, 121), (23, 219), (23, 233), (23, 246), (23, 267), (23, 280), (23, 285), (23, 314), (23, 384), (24, 77), (24, 131), (24, 196), (24, 325), (24, 336), (24, 347), (24, 352), (24, 366), (24, 393), (25, 40), (25, 73), (25, 116), (25, 152), (25, 197), (25, 215), (25, 227), (25, 275), (25, 395), (25, 397), (26, 52), (26, 63), (26, 93), (26, 103), (26, 144), (26, 206), (26, 272), (26, 291), (26, 303), (26, 345), (27, 16), (27, 57), (27, 65), (27, 110), (27, 163), (27, 214), (27, 253), (27, 305), (27, 363), (27, 377), (28, 56), (28, 101), (28, 140), (28, 143), (28, 181), (28, 220), (28, 236), (28, 344), (29, 24), (29, 146), (29, 168), (29, 232), (29, 239), (29, 261), (29, 297), (29, 387), (30, 20), (30, 46), (30, 49), (30, 61), (30, 91), (30, 202), (30, 217), (30, 241), (30, 250), (30, 293), (30, 353), (31, 55), (31, 153), (31, 173), (31, 185), (31, 260), (31, 276), (31, 287), (31, 302), (31, 313), (31, 356), (31, 386), (32, 36), (32, 39), (32, 80), (32, 107), (32, 114), (32, 230), (32, 281), (32, 351), (32, 362), (33, 139), (33, 145), (33, 156), (33, 229), (33, 263), (33, 310), (33, 367), (33, 380), (33, 396), (34, 26), (34, 42), (34, 66), (34, 106), (34, 126), (34, 165), (34, 187), (34, 222), (34, 248), (34, 361), (35, 11), (35, 58), (35, 62), (35, 115), (35, 158), (35, 171), (35, 201), (35, 210), (35, 237), (35, 323), (35, 364), (36, 12), (36, 29), (36, 44), (36, 86), (36, 89), (36, 167), (36, 170), (36, 299), (36, 373), (37, 21), (37, 84), (37, 98), (37, 134), (37, 199), (37, 247), (37, 273), (37, 301), (37, 379), (37, 392), (38, 41), (38, 53), (38, 64), (38, 94), (38, 129), (38, 238), (38, 242), (38, 274), (38, 311), (38, 315), (38, 371), (39, 4), (39, 31), (39, 81), (39, 99), (39, 102), (39, 109), (39, 155), (39, 225), (39, 243), (39, 245)]
Number of Selected Items : 400
Selected Weights : 
Agent 0 : [7, 8, 10, 5, 7, 13, 7, 10, 9, 7, 8] total weight : 91 cap : 91
Agent 1 : [9, 11, 10, 9, 6, 7, 8, 7, 7, 7] total weight : 81 cap : 81
Agent 2 : [9, 7, 5, 5, 6, 4, 10, 8, 5, 10, 6, 9, 6] total weight : 90 cap : 90
Agent 3 : [8, 7, 12, 8, 9, 9, 4, 12, 6, 5] total weight : 80 cap : 80
Agent 4 : [8, 6, 10, 8, 6, 8, 9, 8, 6, 11] total weight : 80 cap : 80
Agent 5 : [8, 8, 6, 7, 7, 10, 5, 6, 7, 11, 7] total weight : 82 cap : 85
Agent 6 : [8, 5, 11, 7, 17, 6, 10, 11, 6] total weight : 81 cap : 84
Agent 7 : [8, 9, 8, 6, 10, 9, 11, 10, 8, 8] total weight : 87 cap : 87
Agent 8 : [11, 8, 5, 8, 7, 9, 10, 10, 9, 6] total weight : 83 cap : 89
Agent 9 : [9, 6, 8, 11, 6, 9, 9, 7, 8, 5, 6] total weight : 84 cap : 84
Agent 10 : [7, 7, 7, 7, 5, 9, 6, 6, 12, 9, 7] total weight : 82 cap : 82
Agent 11 : [8, 12, 8, 6, 12, 5, 13, 10, 8] total weight : 82 cap : 85
Agent 12 : [11, 8, 5, 13, 9, 8, 7, 7, 8] total weight : 76 cap : 77
Agent 13 : [7, 8, 13, 8, 8, 9, 8, 7, 10, 8] total weight : 86 cap : 87
Agent 14 : [7, 12, 9, 10, 9, 9, 7, 8, 12] total weight : 83 cap : 84
Agent 15 : [8, 8, 8, 3, 6, 7, 11, 9, 6, 10, 8, 6] total weight : 90 cap : 90
Agent 16 : [9, 8, 9, 7, 9, 7, 10, 6, 8, 9] total weight : 82 cap : 82
Agent 17 : [8, 8, 7, 8, 8, 9, 8, 6, 9, 8, 7] total weight : 86 cap : 86
Agent 18 : [7, 11, 10, 7, 11, 10, 6, 7, 9, 6] total weight : 84 cap : 85
Agent 19 : [8, 6, 9, 9, 8, 11, 9, 7, 10] total weight : 77 cap : 78
Agent 20 : [14, 13, 5, 7, 8, 9, 6, 6, 8] total weight : 76 cap : 76
Agent 21 : [8, 10, 7, 9, 4, 11, 9, 8, 5, 6] total weight : 77 cap : 77
Agent 22 : [7, 8, 13, 8, 9, 7, 8, 8, 8, 9] total weight : 85 cap : 85
Agent 23 : [8, 6, 6, 10, 7, 11, 5, 7, 7, 12] total weight : 79 cap : 81
Agent 24 : [13, 12, 10, 11, 8, 10, 7, 10, 5] total weight : 86 cap : 86
Agent 25 : [8, 6, 10, 10, 7, 9, 16, 8, 7, 5] total weight : 86 cap : 86
Agent 26 : [7, 11, 7, 7, 6, 9, 11, 12, 8, 8] total weight : 86 cap : 87
Agent 27 : [11, 10, 6, 8, 4, 12, 10, 8, 11, 5] total weight : 85 cap : 86
Agent 28 : [8, 11, 8, 15, 10, 14, 8, 9] total weight : 83 cap : 86
Agent 29 : [10, 9, 11, 9, 5, 12, 11, 11] total weight : 78 cap : 81
Agent 30 : [7, 7, 8, 7, 6, 9, 8, 7, 4, 7, 10] total weight : 80 cap : 80
Agent 31 : [9, 9, 8, 7, 8, 7, 6, 8, 8, 7, 7] total weight : 84 cap : 84
Agent 32 : [10, 13, 7, 7, 7, 10, 11, 9, 10] total weight : 84 cap : 86
Agent 33 : [9, 11, 10, 8, 6, 11, 9, 11, 9] total weight : 84 cap : 86
Agent 34 : [5, 12, 9, 9, 13, 7, 11, 7, 8, 5] total weight : 86 cap : 87
Agent 35 : [6, 9, 4, 6, 7, 5, 8, 13, 11, 10, 5] total weight : 84 cap : 84
Agent 36 : [9, 8, 7, 8, 10, 11, 10, 7, 8] total weight : 78 cap : 84
Agent 37 : [6, 9, 8, 13, 7, 12, 7, 8, 10, 4] total weight : 84 cap : 84
Agent 38 : [8, 10, 8, 8, 8, 6, 9, 9, 7, 5, 7] total weight : 85 cap : 85
Agent 39 : [7, 7, 8, 5, 12, 9, 6, 12, 10, 7] total weight : 83 cap : 83

Selected Profits : 
Agent 0 : [-132, -119, -96, -197, -138, -72, -135, -95, -107, -134, -118] profit : -1343
Agent 1 : [-109, -83, -91, -110, -157, -136, -116, -132, -134, -132] profit : -1200
Agent 2 : [-107, -141, -190, -198, -157, -241, -92, -115, -192, -95, -157, -106, -164] profit : -1955
Agent 3 : [-119, -140, -74, -115, -106, -104, -243, -76, -160, -198] profit : -1335
Agent 4 : [-121, -162, -90, -119, -156, -121, -103, -118, -161, -81] profit : -1232
Agent 5 : [-124, -118, -156, -137, -134, -99, -191, -157, -136, -81, -137] profit : -1470
Agent 6 : [-119, -192, -84, -139, -50, -156, -97, -84, -160] profit : -1081
Agent 7 : [-123, -109, -121, -160, -98, -103, -86, -95, -121, -118] profit : -1134
Agent 8 : [-87, -115, -193, -115, -133, -105, -96, -99, -107, -164] profit : -1214
Agent 9 : [-102, -156, -115, -80, -157, -109, -104, -133, -124, -194, -156] profit : -1430
Agent 10 : [-137, -139, -133, -132, -190, -109, -156, -163, -74, -104, -139] profit : -1476
Agent 11 : [-122, -79, -119, -162, -80, -191, -74, -97, -122] profit : -1046
Agent 12 : [-85, -120, -190, -68, -101, -119, -134, -140, -119] profit : -1076
Agent 13 : [-133, -122, -66, -124, -120, -102, -122, -139, -97, -121] profit : -1146
Agent 14 : [-133, -78, -102, -91, -101, -104, -137, -117, -82] profit : -945
Agent 15 : [-124, -123, -116, -323, -157, -141, -85, -102, -157, -97, -120, -159] profit : -1704
Agent 16 : [-104, -120, -107, -135, -106, -132, -90, -159, -122, -106] profit : -1181
Agent 17 : [-120, -115, -136, -121, -115, -102, -121, -161, -108, -122, -133] profit : -1354
Agent 18 : [-133, -84, -90, -139, -81, -91, -157, -140, -107, -160] profit : -1182
Agent 19 : [-115, -159, -107, -101, -116, -88, -107, -135, -93] profit : -1021
Agent 20 : [-65, -72, -191, -133, -121, -106, -157, -156, -119] profit : -1120
Agent 21 : [-117, -95, -133, -102, -244, -86, -107, -121, -193, -158] profit : -1356
Agent 22 : [-136, -116, -72, -121, -104, -140, -121, -118, -124, -105] profit : -1157
Agent 23 : [-115, -158, -164, -94, -137, -86, -196, -133, -138, -83] profit : -1304
Agent 24 : [-68, -75, -98, -90, -121, -99, -138, -92, -194] profit : -975
Agent 25 : [-116, -159, -99, -91, -132, -104, -59, -123, -137, -192] profit : -1212
Agent 26 : [-133, -83, -133, -141, -157, -109, -82, -82, -116, -116] profit : -1152
Agent 27 : [-88, -94, -161, -122, -242, -77, -97, -115, -82, -190] profit : -1268
Agent 28 : [-117, -89, -119, -57, -97, -70, -117, -109] profit : -775
Agent 29 : [-92, -105, -80, -110, -193, -79, -82, -87] profit : -828
Agent 30 : [-138, -139, -117, -133, -159, -103, -116, -135, -245, -134, -91] profit : -1510
Agent 31 : [-101, -108, -115, -135, -115, -135, -163, -118, -119, -133, -135] profit : -1377
Agent 32 : [-96, -73, -134, -139, -135, -91, -87, -104, -94] profit : -953
Agent 33 : [-102, -87, -96, -115, -164, -81, -105, -84, -108] profit : -942
Agent 34 : [-191, -73, -109, -106, -75, -133, -81, -132, -117, -199] profit : -1216
Agent 35 : [-164, -104, -240, -160, -137, -193, -119, -66, -86, -90, -193] profit : -1552
Agent 36 : [-105, -121, -135, -121, -99, -87, -91, -136, -116] profit : -1011
Agent 37 : [-158, -107, -119, -72, -133, -79, -136, -119, -93, -241] profit : -1257
Agent 38 : [-115, -95, -118, -116, -125, -158, -102, -104, -137, -191, -132] profit : -1393
Agent 39 : [-132, -134, -119, -192, -77, -102, -162, -82, -90, -138] profit : -1228
Total Profit : 49111.0 
