File Path : ../data/yag_200_20_1.json
Time Elapsed : 3.03s

Num Agents : 20 | Num Tasks : 200
Selected Item Coords : [(0, 28), (0, 39), (0, 43), (0, 61), (0, 90), (0, 125), (0, 129), (0, 149), (0, 160), (0, 180), (1, 3), (1, 7), (1, 22), (1, 23), (1, 51), (1, 81), (1, 112), (1, 115), (1, 117), (1, 126), (1, 169), (2, 11), (2, 18), (2, 44), (2, 53), (2, 79), (2, 118), (2, 168), (2, 182), (2, 186), (2, 195), (3, 47), (3, 48), (3, 59), (3, 74), (3, 86), (3, 89), (3, 99), (3, 136), (3, 146), (3, 147), (3, 151), (3, 157), (4, 6), (4, 49), (4, 84), (4, 94), (4, 110), (4, 127), (4, 132), (4, 135), (4, 191), (5, 15), (5, 20), (5, 58), (5, 76), (5, 119), (5, 124), (5, 150), (5, 163), (5, 165), (5, 189), (6, 12), (6, 24), (6, 46), (6, 52), (6, 56), (6, 123), (6, 137), (6, 142), (6, 144), (6, 145), (6, 152), (7, 19), (7, 67), (7, 71), (7, 78), (7, 85), (7, 88), (7, 100), (7, 105), (7, 108), (7, 109), (7, 121), (7, 161), (8, 0), (8, 80), (8, 120), (8, 153), (8, 162), (8, 166), (8, 176), (8, 184), (8, 199), (9, 10), (9, 26), (9, 27), (9, 31), (9, 41), (9, 65), (9, 70), (9, 75), (9, 87), (9, 101), (9, 148), (9, 170), (9, 192), (10, 38), (10, 92), (10, 95), (10, 102), (10, 106), (10, 114), (10, 133), (10, 173), (11, 1), (11, 5), (11, 14), (11, 32), (11, 72), (11, 98), (11, 107), (11, 140), (11, 141), (11, 156), (11, 187), (12, 4), (12, 29), (12, 33), (12, 42), (12, 62), (12, 64), (12, 83), (12, 91), (12, 96), (12, 171), (12, 172), (13, 16), (13, 25), (13, 57), (13, 93), (13, 130), (13, 139), (13, 154), (13, 164), (13, 174), (13, 181), (13, 183), (13, 193), (14, 8), (14, 21), (14, 55), (14, 68), (14, 97), (14, 103), (14, 131), (14, 175), (14, 196), (15, 2), (15, 17), (15, 37), (15, 50), (15, 60), (15, 69), (15, 113), (15, 155), (16, 9), (16, 30), (16, 35), (16, 63), (16, 122), (16, 138), (16, 158), (16, 177), (16, 190), (16, 194), (17, 40), (17, 82), (17, 104), (17, 134), (17, 143), (17, 159), (17, 167), (17, 185), (17, 197), (18, 45), (18, 54), (18, 66), (18, 116), (18, 128), (18, 178), (18, 198), (19, 13), (19, 34), (19, 36), (19, 73), (19, 77), (19, 111), (19, 179), (19, 188)]
Number of Selected Items : 200
Selected Weights : 
Agent 0 : [17, 46, 74, 47, 29, 23, 32, 35, 44, 15] total weight : 362 cap : 364
Agent 1 : [47, 34, 10, 27, 65, 47, 20, 20, 7, 19, 72] total weight : 368 cap : 411
Agent 2 : [58, 31, 29, 54, 32, 21, 30, 50, 43, 34] total weight : 382 cap : 382
Agent 3 : [2, 72, 19, 45, 29, 58, 19, 23, 40, 45, 6, 39] total weight : 397 cap : 398
Agent 4 : [59, 59, 68, 43, 28, 49, 26, 47, 28] total weight : 407 cap : 416
Agent 5 : [89, 45, 32, 13, 4, 41, 17, 46, 49, 47] total weight : 383 cap : 386
Agent 6 : [21, 71, 31, 40, 35, 32, 27, 54, 1, 41, 46] total weight : 399 cap : 424
Agent 7 : [50, 28, 25, 18, 31, 44, 33, 24, 39, 32, 46, 30] total weight : 400 cap : 402
Agent 8 : [1, 10, 95, 41, 48, 50, 51, 38, 55] total weight : 389 cap : 409
Agent 9 : [60, 23, 54, 7, 81, 54, 10, 1, 6, 36, 1, 16, 25] total weight : 374 cap : 380
Agent 10 : [36, 27, 83, 69, 20, 51, 50, 62] total weight : 398 cap : 402
Agent 11 : [45, 39, 20, 60, 29, 43, 43, 38, 42, 15, 10] total weight : 384 cap : 388
Agent 12 : [43, 45, 56, 67, 4, 30, 63, 15, 23, 10, 54] total weight : 410 cap : 410
Agent 13 : [4, 29, 37, 24, 46, 23, 56, 31, 61, 87, 16, 18] total weight : 432 cap : 436
Agent 14 : [59, 23, 21, 64, 77, 34, 28, 67, 24] total weight : 397 cap : 407
Agent 15 : [50, 52, 71, 56, 82, 6, 54, 17] total weight : 388 cap : 391
Agent 16 : [61, 77, 20, 31, 6, 33, 64, 8, 46, 39] total weight : 385 cap : 418
Agent 17 : [2, 78, 40, 37, 96, 37, 37, 51, 34] total weight : 412 cap : 420
Agent 18 : [33, 60, 90, 74, 40, 20, 74] total weight : 391 cap : 393
Agent 19 : [57, 45, 61, 53, 22, 30, 84, 30] total weight : 382 cap : 402

Selected Profits : 
Agent 0 : [-93, -58, -30, -57, -72, -78, -80, -79, -68, -95] profit : -710
Agent 1 : [-55, -70, -93, -77, -40, -57, -84, -89, -94, -84, -33] profit : -776
Agent 2 : [-48, -85, -76, -62, -70, -86, -78, -53, -66, -67] profit : -691
Agent 3 : [-100, -32, -83, -59, -72, -46, -87, -79, -62, -60, -103, -62] profit : -845
Agent 4 : [-57, -50, -39, -72, -73, -58, -90, -58, -79] profit : -576
Agent 5 : [-25, -62, -69, -88, -99, -60, -89, -64, -55, -62] profit : -673
Agent 6 : [-90, -34, -71, -61, -78, -74, -77, -49, -100, -72, -60] profit : -766
Agent 7 : [-56, -74, -82, -86, -87, -64, -81, -83, -72, -73, -64, -74] profit : -896
Agent 8 : [-101, -95, -23, -60, -53, -58, -50, -73, -48] profit : -561
Agent 9 : [-47, -78, -48, -95, -27, -51, -93, -101, -95, -69, -109, -89, -79] profit : -981
Agent 10 : [-69, -74, -23, -32, -87, -62, -59, -56] profit : -462
Agent 11 : [-59, -62, -88, -42, -76, -59, -58, -73, -66, -88, -95] profit : -766
Agent 12 : [-63, -65, -53, -43, -97, -72, -48, -92, -79, -94, -51] profit : -757
Agent 13 : [-99, -72, -65, -85, -70, -80, -59, -70, -41, -20, -91, -85] profit : -837
Agent 14 : [-46, -78, -92, -49, -27, -72, -75, -51, -81] profit : -571
Agent 15 : [-51, -50, -32, -50, -26, -98, -50, -90] profit : -447
Agent 16 : [-53, -42, -86, -74, -98, -71, -44, -96, -72, -72] profit : -708
Agent 17 : [-101, -27, -70, -69, -7, -72, -70, -56, -68] profit : -540
Agent 18 : [-68, -52, -12, -27, -65, -82, -28] profit : -334
Agent 19 : [-51, -65, -53, -48, -87, -80, -22, -75] profit : -481
Total Profit : 13378.0 
