File Path : ../data/yag_100_10_1.json
Time Elapsed : 2.49s

Num Agents : 10 | Num Tasks : 100
Selected Item Coords : [(0, 14), (0, 18), (0, 26), (0, 28), (0, 46), (0, 67), (0, 68), (0, 77), (0, 78), (0, 83), (1, 3), (1, 12), (1, 21), (1, 33), (1, 38), (1, 39), (1, 52), (1, 66), (1, 76), (1, 86), (1, 90), (2, 1), (2, 15), (2, 42), (2, 44), (2, 47), (2, 50), (2, 71), (2, 75), (2, 98), (3, 19), (3, 23), (3, 43), (3, 53), (3, 54), (3, 58), (3, 69), (3, 81), (3, 85), (3, 87), (3, 89), (3, 94), (4, 5), (4, 10), (4, 17), (4, 20), (4, 25), (4, 36), (4, 40), (4, 48), (4, 60), (4, 65), (4, 72), (5, 4), (5, 7), (5, 27), (5, 30), (5, 34), (5, 41), (5, 70), (5, 74), (5, 84), (5, 88), (5, 92), (5, 97), (6, 16), (6, 22), (6, 56), (6, 59), (6, 62), (6, 64), (6, 96), (7, 0), (7, 11), (7, 29), (7, 32), (7, 55), (7, 63), (7, 80), (7, 91), (7, 93), (8, 8), (8, 9), (8, 24), (8, 49), (8, 51), (8, 73), (8, 79), (8, 82), (8, 95), (8, 99), (9, 2), (9, 6), (9, 13), (9, 31), (9, 35), (9, 37), (9, 45), (9, 57), (9, 61)]
Number of Selected Items : 100
Selected Weights : 
Agent 0 : [41, 35, 22, 61, 27, 11, 55, 63, 30, 48] total weight : 393 cap : 394
Agent 1 : [21, 16, 36, 79, 60, 27, 42, 50, 55, 12, 24] total weight : 422 cap : 427
Agent 2 : [33, 34, 24, 60, 59, 75, 55, 6, 48] total weight : 394 cap : 394
Agent 3 : [8, 8, 38, 40, 80, 3, 46, 48, 32, 28, 5, 44] total weight : 380 cap : 389
Agent 4 : [40, 6, 67, 11, 11, 57, 9, 43, 39, 59, 48] total weight : 390 cap : 392
Agent 5 : [25, 27, 67, 21, 41, 22, 40, 49, 22, 25, 24, 45] total weight : 408 cap : 416
Agent 6 : [56, 32, 58, 71, 75, 41, 78] total weight : 411 cap : 417
Agent 7 : [6, 12, 73, 2, 54, 95, 43, 42, 33] total weight : 360 cap : 387
Agent 8 : [43, 46, 64, 40, 24, 38, 34, 37, 5, 52] total weight : 383 cap : 384
Agent 9 : [47, 49, 23, 20, 62, 47, 42, 35, 46] total weight : 371 cap : 390

Selected Profits : 
Agent 0 : [-60, -74, -79, -49, -77, -94, -58, -38, -71, -66] profit : -666
Agent 1 : [-83, -90, -68, -31, -48, -77, -62, -55, -54, -89, -81] profit : -738
Agent 2 : [-76, -71, -79, -44, -49, -26, -49, -98, -58] profit : -550
Agent 3 : [-93, -95, -77, -65, -32, -107, -55, -57, -72, -76, -101, -66] profit : -896
Agent 4 : [-61, -95, -43, -96, -96, -51, -96, -64, -63, -43, -53] profit : -761
Agent 5 : [-76, -79, -35, -80, -61, -83, -65, -58, -83, -82, -77, -72] profit : -851
Agent 6 : [-50, -70, -44, -34, -31, -64, -26] profit : -319
Agent 7 : [-95, -90, -39, -101, -49, -7, -69, -67, -69] profit : -586
Agent 8 : [-66, -64, -52, -64, -83, -68, -69, -66, -103, -54] profit : -689
Agent 9 : [-56, -54, -81, -84, -48, -61, -63, -68, -58] profit : -573
Total Profit : 6629.0 
