File Path : ../data/yag_200_5_0.json
Time Elapsed : 3.62s

Num Agents : 5 | Num Tasks : 200
Selected Item Coords : [(0, 2), (0, 7), (0, 10), (0, 11), (0, 18), (0, 20), (0, 28), (0, 35), (0, 41), (0, 42), (0, 47), (0, 50), (0, 55), (0, 58), (0, 66), (0, 83), (0, 84), (0, 87), (0, 98), (0, 104), (0, 110), (0, 115), (0, 118), (0, 126), (0, 135), (0, 140), (0, 141), (0, 145), (0, 150), (0, 151), (0, 153), (0, 154), (0, 157), (0, 159), (0, 161), (0, 163), (0, 171), (0, 176), (0, 184), (0, 187), (0, 189), (1, 6), (1, 12), (1, 21), (1, 24), (1, 30), (1, 37), (1, 39), (1, 53), (1, 56), (1, 57), (1, 68), (1, 79), (1, 88), (1, 89), (1, 95), (1, 102), (1, 108), (1, 117), (1, 120), (1, 129), (1, 131), (1, 132), (1, 133), (1, 137), (1, 138), (1, 139), (1, 146), (1, 147), (1, 165), (1, 167), (1, 170), (1, 174), (1, 175), (1, 177), (1, 178), (1, 180), (1, 191), (1, 198), (2, 0), (2, 8), (2, 13), (2, 17), (2, 19), (2, 40), (2, 44), (2, 45), (2, 60), (2, 61), (2, 63), (2, 64), (2, 70), (2, 72), (2, 74), (2, 75), (2, 78), (2, 80), (2, 81), (2, 86), (2, 100), (2, 103), (2, 107), (2, 111), (2, 112), (2, 122), (2, 127), (2, 128), (2, 130), (2, 142), (2, 144), (2, 152), (2, 158), (2, 173), (2, 179), (2, 185), (2, 186), (2, 192), (2, 195), (2, 199), (3, 1), (3, 3), (3, 4), (3, 9), (3, 16), (3, 22), (3, 25), (3, 26), (3, 29), (3, 32), (3, 33), (3, 34), (3, 36), (3, 38), (3, 43), (3, 49), (3, 51), (3, 52), (3, 54), (3, 59), (3, 62), (3, 65), (3, 76), (3, 77), (3, 85), (3, 90), (3, 91), (3, 92), (3, 101), (3, 105), (3, 109), (3, 113), (3, 121), (3, 134), (3, 136), (3, 148), (3, 155), (3, 168), (3, 169), (4, 5), (4, 14), (4, 15), (4, 23), (4, 27), (4, 31), (4, 46), (4, 48), (4, 67), (4, 69), (4, 71), (4, 73), (4, 82), (4, 93), (4, 94), (4, 96), (4, 97), (4, 99), (4, 106), (4, 114), (4, 116), (4, 119), (4, 123), (4, 124), (4, 125), (4, 143), (4, 149), (4, 156), (4, 160), (4, 162), (4, 164), (4, 166), (4, 172), (4, 181), (4, 182), (4, 183), (4, 188), (4, 190), (4, 193), (4, 194), (4, 196), (4, 197)]
Number of Selected Items : 200
Selected Weights : 
Agent 0 : [41, 72, 68, 43, 34, 23, 17, 37, 57, 22, 4, 42, 8, 49, 14, 59, 8, 72, 32, 25, 47, 20, 25, 42, 62, 32, 59, 27, 15, 4, 79, 20, 40, 35, 43, 21, 41, 53, 48, 55, 72] total weight : 1567 cap : 1589
Agent 1 : [41, 41, 82, 24, 73, 48, 74, 65, 27, 77, 48, 75, 37, 60, 41, 19, 79, 7, 21, 45, 13, 42, 3, 51, 11, 25, 10, 92, 11, 12, 50, 33, 26, 61, 50, 52, 42, 65] total weight : 1633 cap : 1646
Agent 2 : [20, 87, 84, 56, 37, 24, 72, 23, 40, 61, 50, 26, 38, 41, 13, 22, 5, 48, 61, 54, 24, 59, 14, 41, 75, 70, 6, 36, 20, 53, 51, 11, 35, 86, 58, 25, 14, 38, 37, 3] total weight : 1618 cap : 1624
Agent 3 : [91, 21, 45, 30, 33, 84, 35, 20, 9, 8, 5, 46, 23, 50, 65, 58, 78, 42, 68, 10, 35, 26, 42, 19, 30, 21, 46, 27, 40, 51, 23, 66, 42, 36, 31, 16, 9, 30, 78] total weight : 1489 cap : 1489
Agent 4 : [9, 51, 60, 3, 89, 52, 61, 71, 3, 30, 33, 68, 19, 2, 9, 14, 5, 75, 84, 22, 32, 21, 15, 32, 19, 73, 46, 67, 2, 8, 36, 9, 26, 24, 23, 14, 59, 47, 32, 76, 43, 55] total weight : 1519 cap : 1524

Selected Profits : 
Agent 0 : [-62, -38, -37, -67, -68, -89, -86, -74, -48, -86, -101, -71, -97, -54, -100, -44, -97, -31, -73, -82, -59, -82, -80, -73, -41, -77, -47, -74, -88, -110, -39, -82, -66, -69, -66, -84, -65, -51, -60, -62, -40] profit : -2820
Agent 1 : [-66, -65, -23, -84, -29, -70, -38, -39, -83, -27, -56, -36, -65, -44, -75, -82, -22, -105, -80, -63, -93, -59, -100, -55, -90, -80, -96, -10, -92, -98, -53, -68, -85, -48, -55, -64, -75, -38] profit : -2411
Agent 2 : [-86, -19, -23, -45, -70, -79, -33, -86, -75, -46, -57, -77, -67, -61, -92, -84, -98, -57, -43, -54, -81, -49, -96, -64, -29, -39, -106, -69, -87, -48, -52, -96, -70, -15, -53, -82, -92, -68, -64, -105] profit : -2617
Agent 3 : [-14, -88, -63, -75, -85, -17, -69, -93, -110, -110, -109, -55, -83, -51, -51, -43, -37, -59, -51, -95, -68, -79, -67, -86, -81, -83, -57, -81, -69, -54, -85, -40, -59, -66, -71, -89, -95, -74, -29] profit : -2691
Agent 4 : [-97, -53, -44, -103, -26, -52, -42, -37, -98, -74, -68, -33, -88, -109, -92, -102, -96, -36, -31, -80, -82, -94, -88, -76, -100, -31, -63, -39, -103, -105, -67, -92, -77, -89, -89, -98, -45, -60, -82, -38, -61, -48] profit : -2988
Total Profit : 13527.0 
