File Path : ../data/gapa_1.json
Time Elapsed : 2.9s

Num Agents : 5 | Num Tasks : 200
Selected Item Coords : [(0, 6), (0, 8), (0, 12), (0, 13), (0, 15), (0, 18), (0, 20), (0, 21), (0, 32), (0, 36), (0, 37), (0, 45), (0, 48), (0, 56), (0, 62), (0, 66), (0, 79), (0, 82), (0, 83), (0, 88), (0, 97), (0, 102), (0, 104), (0, 106), (0, 107), (0, 108), (0, 110), (0, 113), (0, 114), (0, 117), (0, 127), (0, 128), (0, 129), (0, 131), (0, 139), (0, 141), (0, 144), (0, 148), (0, 155), (0, 161), (0, 163), (0, 177), (0, 184), (0, 191), (1, 4), (1, 11), (1, 22), (1, 30), (1, 39), (1, 40), (1, 41), (1, 46), (1, 50), (1, 52), (1, 57), (1, 61), (1, 65), (1, 77), (1, 78), (1, 81), (1, 85), (1, 90), (1, 93), (1, 98), (1, 105), (1, 112), (1, 121), (1, 123), (1, 126), (1, 130), (1, 135), (1, 137), (1, 138), (1, 156), (1, 157), (1, 165), (1, 168), (1, 174), (1, 183), (1, 187), (1, 196), (2, 0), (2, 2), (2, 5), (2, 19), (2, 25), (2, 34), (2, 38), (2, 42), (2, 47), (2, 53), (2, 60), (2, 67), (2, 68), (2, 69), (2, 74), (2, 89), (2, 101), (2, 116), (2, 118), (2, 120), (2, 134), (2, 140), (2, 142), (2, 145), (2, 150), (2, 152), (2, 158), (2, 159), (2, 160), (2, 169), (2, 170), (2, 175), (2, 182), (2, 188), (2, 189), (2, 190), (2, 193), (3, 9), (3, 10), (3, 17), (3, 23), (3, 24), (3, 27), (3, 28), (3, 31), (3, 35), (3, 44), (3, 49), (3, 54), (3, 63), (3, 64), (3, 73), (3, 80), (3, 84), (3, 86), (3, 92), (3, 100), (3, 103), (3, 109), (3, 124), (3, 132), (3, 136), (3, 143), (3, 147), (3, 149), (3, 153), (3, 154), (3, 162), (3, 167), (3, 172), (3, 178), (3, 179), (3, 181), (3, 186), (3, 192), (3, 194), (3, 195), (4, 1), (4, 3), (4, 7), (4, 14), (4, 16), (4, 26), (4, 29), (4, 33), (4, 43), (4, 51), (4, 55), (4, 58), (4, 59), (4, 70), (4, 71), (4, 72), (4, 75), (4, 76), (4, 87), (4, 91), (4, 94), (4, 95), (4, 96), (4, 99), (4, 111), (4, 115), (4, 119), (4, 122), (4, 125), (4, 133), (4, 146), (4, 151), (4, 164), (4, 166), (4, 171), (4, 173), (4, 176), (4, 180), (4, 185), (4, 197), (4, 198), (4, 199)]
Number of Selected Items : 200
Selected Weights : 
Agent 0 : [8, 12, 23, 10, 22, 24, 19, 8, 19, 10, 21, 20, 14, 18, 20, 9, 6, 12, 14, 11, 20, 19, 7, 6, 8, 15, 5, 8, 17, 11, 20, 15, 15, 21, 21, 25, 19, 24, 18, 12, 8, 19, 24, 10] total weight : 667 cap : 671
Agent 1 : [21, 17, 6, 21, 11, 14, 19, 13, 14, 7, 24, 14, 8, 23, 25, 13, 18, 22, 8, 17, 10, 18, 21, 21, 23, 8, 17, 17, 12, 8, 17, 9, 22, 11, 14, 15, 25] total weight : 583 cap : 671
Agent 2 : [8, 5, 17, 18, 7, 23, 18, 20, 23, 5, 8, 18, 18, 5, 9, 23, 15, 25, 22, 22, 24, 5, 19, 5, 11, 5, 13, 20, 22, 18, 6, 12, 11, 23, 10, 12, 5] total weight : 530 cap : 671
Agent 3 : [22, 7, 15, 21, 19, 24, 6, 9, 7, 12, 16, 7, 15, 6, 15, 11, 5, 14, 8, 11, 20, 20, 22, 25, 6, 22, 10, 21, 19, 9, 24, 9, 12, 9, 23, 5, 6, 5, 18, 17] total weight : 552 cap : 671
Agent 4 : [6, 16, 23, 16, 13, 18, 12, 23, 12, 24, 13, 25, 12, 15, 20, 25, 18, 16, 17, 20, 20, 22, 9, 10, 12, 14, 19, 6, 23, 19, 8, 17, 11, 16, 13, 13, 25, 12, 12, 8, 11, 17] total weight : 661 cap : 671

Selected Profits : 
Agent 0 : [-13, -10, -15, -11, -20, -10, -10, -10, -12, -17, -10, -12, -11, -15, -18, -30, -22, -18, -19, -13, -13, -16, -21, -13, -10, -11, -16, -17, -15, -10, -12, -13, -22, -12, -11, -16, -11, -12, -13, -23, -16, -27, -18, -20] profit : -664
Agent 1 : [-11, -24, -14, -17, -12, -20, -16, -25, -20, -35, -10, -12, -22, -17, -16, -17, -14, -12, -38, -18, -23, -17, -26, -11, -13, -14, -13, -29, -14, -22, -10, -13, -16, -14, -15, -11, -10] profit : -641
Agent 2 : [-19, -17, -12, -16, -17, -10, -22, -20, -21, -16, -24, -16, -12, -18, -16, -13, -13, -19, -22, -24, -24, -28, -30, -13, -14, -18, -24, -22, -16, -11, -10, -12, -17, -24, -18, -13, -13] profit : -654
Agent 3 : [-12, -16, -17, -16, -18, -16, -25, -14, -13, -20, -11, -15, -11, -10, -15, -18, -11, -10, -12, -14, -17, -21, -12, -20, -15, -10, -17, -13, -13, -10, -22, -24, -13, -26, -37, -23, -21, -16, -10, -13] profit : -647
Agent 4 : [-12, -14, -10, -11, -11, -12, -12, -17, -17, -12, -10, -13, -13, -10, -13, -35, -17, -22, -10, -12, -13, -14, -19, -19, -29, -14, -13, -13, -11, -12, -24, -11, -17, -13, -10, -25, -17, -12, -18, -20, -12, -10] profit : -629
Total Profit : 3235.0 
