File Path : ../data/gapc_5.json
Time Elapsed : 2.78s

Num Agents : 20 | Num Tasks : 200
Selected Item Coords : [(0, 29), (0, 45), (0, 54), (0, 56), (0, 81), (0, 84), (0, 86), (0, 133), (0, 146), (0, 169), (0, 185), (1, 2), (1, 69), (1, 94), (1, 113), (1, 121), (1, 124), (1, 137), (1, 154), (1, 157), (2, 1), (2, 19), (2, 21), (2, 51), (2, 110), (2, 128), (2, 149), (2, 176), (2, 191), (3, 4), (3, 24), (3, 79), (3, 108), (3, 109), (3, 115), (3, 131), (3, 138), (3, 177), (3, 194), (4, 9), (4, 32), (4, 38), (4, 44), (4, 72), (4, 88), (4, 114), (4, 171), (4, 192), (5, 18), (5, 43), (5, 95), (5, 101), (5, 135), (5, 143), (5, 159), (5, 183), (6, 0), (6, 36), (6, 37), (6, 55), (6, 76), (6, 96), (6, 122), (6, 123), (6, 130), (6, 151), (7, 5), (7, 15), (7, 39), (7, 111), (7, 116), (7, 166), (7, 173), (7, 186), (7, 189), (7, 197), (7, 199), (8, 12), (8, 34), (8, 89), (8, 92), (8, 104), (8, 127), (8, 145), (8, 156), (8, 161), (8, 187), (8, 198), (9, 23), (9, 53), (9, 59), (9, 63), (9, 65), (9, 107), (9, 172), (9, 178), (9, 179), (9, 182), (10, 17), (10, 30), (10, 52), (10, 98), (10, 126), (10, 142), (10, 148), (10, 162), (10, 181), (10, 193), (11, 10), (11, 11), (11, 48), (11, 66), (11, 73), (11, 75), (11, 80), (11, 85), (11, 97), (11, 195), (11, 196), (12, 3), (12, 25), (12, 41), (12, 74), (12, 77), (12, 87), (12, 119), (12, 150), (12, 160), (12, 168), (12, 170), (13, 7), (13, 28), (13, 57), (13, 62), (13, 102), (13, 105), (13, 117), (13, 163), (14, 22), (14, 26), (14, 27), (14, 31), (14, 82), (14, 91), (14, 93), (14, 103), (14, 140), (14, 141), (14, 167), (15, 6), (15, 16), (15, 33), (15, 49), (15, 67), (15, 71), (15, 155), (15, 158), (15, 184), (15, 188), (16, 35), (16, 40), (16, 47), (16, 70), (16, 99), (16, 120), (16, 134), (16, 139), (16, 147), (16, 165), (17, 8), (17, 13), (17, 58), (17, 60), (17, 61), (17, 83), (17, 90), (17, 100), (17, 152), (17, 190), (18, 14), (18, 42), (18, 46), (18, 68), (18, 106), (18, 125), (18, 132), (18, 136), (18, 144), (18, 164), (18, 175), (19, 20), (19, 50), (19, 64), (19, 78), (19, 112), (19, 118), (19, 129), (19, 153), (19, 174), (19, 180)]
Number of Selected Items : 200
Selected Weights : 
Agent 0 : [16, 14, 11, 5, 9, 7, 9, 12, 8, 19, 5] total weight : 115 cap : 118
Agent 1 : [7, 15, 23, 13, 13, 9, 20, 7, 11] total weight : 118 cap : 120
Agent 2 : [7, 5, 7, 7, 13, 24, 23, 22, 7] total weight : 115 cap : 115
Agent 3 : [9, 5, 17, 9, 13, 16, 16, 5, 9, 9] total weight : 108 cap : 116
Agent 4 : [5, 19, 9, 13, 7, 20, 21, 8, 9] total weight : 111 cap : 118
Agent 5 : [16, 25, 6, 20, 14, 9, 12, 10] total weight : 112 cap : 119
Agent 6 : [12, 10, 12, 10, 9, 6, 10, 14, 23, 11] total weight : 117 cap : 119
Agent 7 : [6, 21, 17, 9, 16, 7, 5, 5, 6, 20, 6] total weight : 118 cap : 123
Agent 8 : [6, 17, 15, 8, 7, 5, 13, 15, 5, 9, 6] total weight : 106 cap : 106
Agent 9 : [8, 21, 12, 9, 10, 10, 13, 20, 5, 11] total weight : 119 cap : 121
Agent 10 : [6, 13, 24, 5, 19, 5, 11, 8, 16, 13] total weight : 120 cap : 120
Agent 11 : [11, 12, 8, 5, 7, 8, 9, 15, 6, 10, 7] total weight : 98 cap : 112
Agent 12 : [19, 10, 14, 13, 11, 17, 5, 16, 6, 5, 6] total weight : 122 cap : 123
Agent 13 : [11, 18, 9, 20, 16, 11, 20, 13] total weight : 118 cap : 122
Agent 14 : [12, 10, 10, 9, 8, 10, 17, 9, 10, 9, 5] total weight : 109 cap : 118
Agent 15 : [17, 15, 5, 10, 6, 20, 6, 20, 10, 5] total weight : 114 cap : 119
Agent 16 : [16, 9, 14, 9, 22, 5, 5, 7, 20, 12] total weight : 119 cap : 120
Agent 17 : [7, 18, 6, 13, 19, 5, 11, 7, 15, 16] total weight : 117 cap : 124
Agent 18 : [16, 5, 5, 11, 22, 6, 6, 9, 14, 5, 12] total weight : 111 cap : 114
Agent 19 : [14, 7, 15, 6, 9, 19, 16, 8, 11, 13] total weight : 118 cap : 119

Selected Profits : 
Agent 0 : [-12, -10, -13, -14, -11, -12, -10, -13, -11, -19, -11] profit : -136
Agent 1 : [-18, -12, -16, -10, -10, -17, -12, -11, -11] profit : -117
Agent 2 : [-10, -16, -10, -10, -12, -11, -11, -11, -16] profit : -107
Agent 3 : [-12, -16, -15, -15, -12, -16, -16, -15, -11, -15] profit : -143
Agent 4 : [-10, -11, -15, -10, -12, -18, -11, -10, -10] profit : -107
Agent 5 : [-15, -10, -11, -12, -10, -13, -18, -16] profit : -105
Agent 6 : [-10, -11, -10, -12, -10, -10, -10, -14, -10, -11] profit : -108
Agent 7 : [-11, -10, -13, -10, -10, -10, -11, -10, -10, -13, -14] profit : -122
Agent 8 : [-11, -10, -10, -17, -11, -11, -11, -15, -11, -10, -15] profit : -132
Agent 9 : [-11, -12, -10, -14, -10, -13, -13, -10, -16, -10] profit : -119
Agent 10 : [-14, -10, -13, -16, -14, -17, -12, -12, -12, -11] profit : -131
Agent 11 : [-19, -20, -14, -13, -13, -11, -17, -10, -12, -11, -10] profit : -150
Agent 12 : [-10, -16, -11, -11, -14, -11, -11, -11, -11, -11, -14] profit : -131
Agent 13 : [-13, -11, -16, -11, -14, -11, -10, -12] profit : -98
Agent 14 : [-15, -15, -11, -13, -11, -11, -11, -16, -15, -11, -13] profit : -142
Agent 15 : [-11, -13, -10, -11, -10, -10, -11, -11, -10, -11] profit : -108
Agent 16 : [-10, -11, -16, -10, -10, -11, -12, -11, -10, -12] profit : -113
Agent 17 : [-11, -11, -11, -12, -10, -16, -10, -12, -13, -12] profit : -118
Agent 18 : [-14, -10, -16, -10, -10, -12, -12, -11, -12, -10, -18] profit : -135
Agent 19 : [-18, -11, -10, -10, -11, -12, -12, -12, -14, -11] profit : -121
Total Profit : 2443.0 
