File Path : ../data/gapb_1.json
Time Elapsed : 2.94s

Num Agents : 5 | Num Tasks : 200
Selected Item Coords : [(0, 5), (0, 9), (0, 16), (0, 17), (0, 24), (0, 26), (0, 27), (0, 28), (0, 34), (0, 35), (0, 41), (0, 43), (0, 48), (0, 50), (0, 53), (0, 58), (0, 71), (0, 81), (0, 85), (0, 86), (0, 93), (0, 101), (0, 106), (0, 109), (0, 113), (0, 114), (0, 115), (0, 128), (0, 135), (0, 140), (0, 144), (0, 148), (0, 155), (0, 161), (0, 165), (0, 166), (0, 187), (0, 191), (1, 3), (1, 6), (1, 7), (1, 18), (1, 20), (1, 21), (1, 22), (1, 39), (1, 42), (1, 49), (1, 54), (1, 69), (1, 80), (1, 82), (1, 83), (1, 100), (1, 102), (1, 103), (1, 108), (1, 116), (1, 129), (1, 134), (1, 141), (1, 147), (1, 149), (1, 150), (1, 152), (1, 162), (1, 163), (1, 167), (1, 168), (1, 175), (1, 178), (1, 188), (1, 190), (1, 194), (1, 195), (2, 2), (2, 10), (2, 12), (2, 14), (2, 15), (2, 25), (2, 40), (2, 45), (2, 52), (2, 61), (2, 64), (2, 68), (2, 70), (2, 72), (2, 75), (2, 76), (2, 78), (2, 89), (2, 94), (2, 95), (2, 97), (2, 98), (2, 99), (2, 110), (2, 111), (2, 121), (2, 122), (2, 123), (2, 124), (2, 127), (2, 132), (2, 138), (2, 146), (2, 151), (2, 164), (2, 170), (2, 171), (2, 172), (2, 173), (2, 180), (2, 185), (2, 186), (2, 189), (2, 199), (3, 0), (3, 1), (3, 4), (3, 11), (3, 13), (3, 19), (3, 23), (3, 29), (3, 30), (3, 31), (3, 33), (3, 47), (3, 57), (3, 60), (3, 63), (3, 66), (3, 67), (3, 74), (3, 77), (3, 79), (3, 90), (3, 91), (3, 92), (3, 96), (3, 107), (3, 112), (3, 118), (3, 125), (3, 126), (3, 130), (3, 133), (3, 136), (3, 137), (3, 153), (3, 154), (3, 158), (3, 160), (3, 174), (3, 177), (3, 192), (3, 196), (4, 8), (4, 32), (4, 36), (4, 37), (4, 38), (4, 44), (4, 46), (4, 51), (4, 55), (4, 56), (4, 59), (4, 62), (4, 65), (4, 73), (4, 84), (4, 87), (4, 88), (4, 104), (4, 105), (4, 117), (4, 119), (4, 120), (4, 131), (4, 139), (4, 142), (4, 143), (4, 145), (4, 156), (4, 157), (4, 159), (4, 169), (4, 176), (4, 179), (4, 181), (4, 182), (4, 183), (4, 184), (4, 193), (4, 197), (4, 198)]
Number of Selected Items : 200
Selected Weights : 
Agent 0 : [14, 13, 9, 10, 21, 8, 10, 9, 13, 5, 10, 25, 18, 12, 24, 23, 7, 9, 13, 8, 21, 7, 21, 10, 7, 19, 10, 5, 8, 7, 11, 23, 5, 20, 17, 10, 13, 17] total weight : 492 cap : 493
Agent 1 : [5, 16, 21, 15, 13, 8, 5, 22, 5, 5, 10, 12, 24, 13, 18, 23, 12, 13, 10, 18, 12, 21, 17, 15, 10, 12, 12, 10, 24, 9, 12, 10, 21, 12, 9, 6, 10] total weight : 490 cap : 493
Agent 2 : [14, 8, 6, 13, 19, 10, 9, 21, 7, 6, 14, 9, 5, 7, 8, 11, 9, 6, 8, 25, 5, 8, 8, 17, 16, 12, 5, 6, 9, 9, 18, 13, 5, 10, 11, 13, 15, 14, 12, 6, 18, 9, 18, 21] total weight : 493 cap : 493
Agent 3 : [16, 5, 10, 7, 21, 12, 10, 8, 8, 25, 19, 5, 14, 17, 5, 13, 7, 15, 7, 9, 9, 5, 5, 21, 8, 21, 5, 7, 11, 19, 11, 10, 18, 10, 14, 23, 11, 16, 11, 8, 17] total weight : 493 cap : 493
Agent 4 : [9, 21, 15, 7, 5, 9, 14, 5, 21, 8, 5, 16, 23, 5, 6, 10, 17, 12, 22, 11, 16, 24, 17, 14, 9, 16, 11, 12, 6, 20, 14, 8, 5, 18, 5, 5, 8, 10, 25, 8] total weight : 492 cap : 493

Selected Profits : 
Agent 0 : [-28, -14, -15, -11, -14, -12, -21, -36, -20, -14, -17, -11, -10, -15, -17, -20, -12, -15, -12, -16, -15, -19, -10, -28, -16, -17, -17, -17, -10, -35, -21, -12, -16, -10, -15, -17, -36, -21] profit : -662
Agent 1 : [-23, -16, -13, -13, -15, -29, -17, -12, -31, -27, -11, -34, -15, -11, -20, -10, -21, -13, -19, -25, -29, -10, -14, -12, -10, -23, -10, -12, -11, -13, -14, -15, -13, -19, -24, -14, -13] profit : -631
Agent 2 : [-19, -20, -24, -14, -21, -13, -19, -17, -14, -17, -15, -11, -24, -15, -11, -14, -28, -31, -19, -19, -10, -20, -12, -15, -10, -14, -25, -22, -18, -10, -11, -10, -29, -21, -26, -12, -10, -23, -10, -24, -14, -11, -30, -17] profit : -769
Agent 3 : [-11, -16, -17, -23, -19, -20, -15, -13, -21, -18, -22, -13, -12, -20, -33, -14, -18, -14, -25, -25, -26, -20, -16, -22, -18, -13, -11, -21, -21, -13, -17, -25, -14, -16, -11, -17, -13, -19, -11, -12, -11] profit : -716
Agent 4 : [-28, -13, -28, -27, -12, -13, -10, -30, -18, -12, -26, -10, -19, -15, -19, -12, -20, -19, -32, -22, -25, -10, -16, -27, -12, -30, -14, -32, -10, -11, -31, -32, -30, -25, -26, -24, -10, -19, -20, -20] profit : -809
Total Profit : 3587.0 
