File Path : ../data/arica.json
Run Time : 10.074906s

Num Agents : 5 | Num Tasks : 40

Weigths : 
Agent 0 : [29, 20, 22, 29, 21, 26, 15, 36, 17, 13, 46, 17, 43, 44, 21, 13, 40, 16, 25, 34, 24, 39, 19, 30, 13, 16, 43, 18, 38, 18, 16, 29, 25, 31, 26, 41, 29, 45, 43, 41]
Agent 1 : [29, 20, 22, 29, 21, 26, 15, 36, 17, 13, 46, 17, 43, 44, 21, 13, 40, 16, 25, 34, 24, 39, 19, 30, 13, 16, 43, 18, 38, 18, 16, 29, 25, 31, 26, 41, 29, 45, 43, 41]
Agent 2 : [29, 20, 22, 29, 21, 26, 15, 36, 17, 13, 46, 17, 43, 44, 21, 13, 40, 16, 25, 34, 24, 39, 19, 30, 13, 16, 43, 18, 38, 18, 16, 29, 25, 31, 26, 41, 29, 45, 43, 41]
Agent 3 : [29, 20, 22, 29, 21, 26, 15, 36, 17, 13, 46, 17, 43, 44, 21, 13, 40, 16, 25, 34, 24, 39, 19, 30, 13, 16, 43, 18, 38, 18, 16, 29, 25, 31, 26, 41, 29, 45, 43, 41]
Agent 4 : [29, 20, 22, 29, 21, 26, 15, 36, 17, 13, 46, 17, 43, 44, 21, 13, 40, 16, 25, 34, 24, 39, 19, 30, 13, 16, 43, 18, 38, 18, 16, 29, 25, 31, 26, 41, 29, 45, 43, 41]

Profits : 
Agent 0 : [312, 240, 236, 384, 207, 275, 411, 183, 377, 248, 219, 178, 252, 214, 246, 446, 606, 299, 211, 67, 178, 462, 98, 159, 276, 434, 139, 349, 267, 147, 342, 173, 286, 254, 432, 333, 420, 262, 450, 44]
Agent 1 : [166, 294, 390, 273, 334, 546, 152, 463, 114, 288, 315, 370, 440, 382, 308, 71, 233, 529, 482, 620, 449, 78, 484, 443, 564, 179, 359, 403, 308, 490, 177, 464, 353, 438, 47, 118, 85, 313, 75, 643]
Agent 2 : [152, 42, 81, 193, 177, 265, 251, 241, 217, 212, 97, 145, 129, 120, 207, 286, 446, 248, 200, 338, 168, 302, 202, 217, 355, 262, 155, 150, 232, 219, 182, 183, 251, 77, 272, 173, 260, 64, 290, 362]
Agent 3 : [159, 48, 57, 200, 153, 241, 258, 218, 224, 197, 104, 122, 120, 96, 196, 293, 453, 224, 177, 315, 144, 309, 179, 194, 332, 269, 131, 157, 217, 196, 188, 159, 238, 68, 279, 180, 267, 70, 297, 338]
Agent 4 : [179, 221, 240, 349, 181, 307, 279, 74, 244, 115, 222, 181, 284, 217, 145, 314, 474, 330, 243, 287, 210, 329, 149, 55, 237, 301, 142, 329, 107, 116, 209, 176, 118, 286, 299, 200, 287, 240, 317, 310]

Selected Item Coords : [(0, 19), (0, 22), (0, 26), (0, 31), (0, 39), (1, 6), (1, 8), (1, 15), (1, 16), (1, 21), (1, 25), (1, 34), (1, 36), (1, 38), (2, 1), (2, 3), (2, 10), (2, 12), (2, 27), (2, 30), (2, 35), (2, 37), (3, 2), (3, 4), (3, 5), (3, 11), (3, 13), (3, 17), (3, 18), (3, 20), (3, 33), (4, 0), (4, 7), (4, 9), (4, 14), (4, 23), (4, 24), (4, 28), (4, 29), (4, 32)]

Number of Selected Items : 40

Selected Weights : 
Agent 0 : [34, 19, 43, 29, 41] total weight : 166 cap : 251
Agent 1 : [15, 17, 13, 40, 39, 16, 26, 29, 43] total weight : 238 cap : 240
Agent 2 : [20, 29, 46, 43, 18, 16, 41, 45] total weight : 258 cap : 263
Agent 3 : [22, 21, 26, 17, 44, 16, 25, 24, 31] total weight : 226 cap : 235
Agent 4 : [29, 36, 13, 21, 30, 13, 38, 18, 25] total weight : 223 cap : 244

Selected Profits : 
Agent 0 : [67, 98, 139, 173, 44] profit : 521
Agent 1 : [152, 114, 71, 233, 78, 179, 47, 85, 75] profit : 1034
Agent 2 : [42, 193, 97, 129, 150, 182, 173, 64] profit : 1030
Agent 3 : [57, 153, 241, 122, 96, 224, 177, 144, 68] profit : 1282
Agent 4 : [179, 74, 115, 145, 55, 237, 107, 116, 118] profit : 1146

Total Profit : 5013 
Energy : 5013.0
