File Path : ../data/yag_100_5_0.json
Time Elapsed : 2.54s

Num Agents : 5 | Num Tasks : 100
Selected Item Coords : [(0, 1), (0, 6), (0, 11), (0, 16), (0, 20), (0, 28), (0, 30), (0, 31), (0, 41), (0, 43), (0, 48), (0, 50), (0, 53), (0, 61), (0, 65), (0, 79), (0, 85), (0, 86), (0, 92), (0, 99), (1, 7), (1, 10), (1, 15), (1, 18), (1, 22), (1, 26), (1, 29), (1, 32), (1, 42), (1, 49), (1, 52), (1, 55), (1, 56), (1, 59), (1, 67), (1, 68), (1, 77), (1, 88), (1, 90), (2, 2), (2, 4), (2, 8), (2, 9), (2, 17), (2, 23), (2, 36), (2, 39), (2, 44), (2, 45), (2, 51), (2, 62), (2, 66), (2, 71), (2, 83), (2, 84), (2, 93), (2, 94), (2, 95), (2, 97), (3, 0), (3, 3), (3, 5), (3, 12), (3, 13), (3, 37), (3, 54), (3, 57), (3, 70), (3, 72), (3, 73), (3, 75), (3, 76), (3, 78), (3, 87), (3, 89), (3, 91), (3, 96), (4, 14), (4, 19), (4, 21), (4, 24), (4, 25), (4, 27), (4, 33), (4, 34), (4, 35), (4, 38), (4, 40), (4, 46), (4, 47), (4, 58), (4, 60), (4, 63), (4, 64), (4, 69), (4, 74), (4, 80), (4, 81), (4, 82), (4, 98)]
Number of Selected Items : 100
Selected Weights : 
Agent 0 : [51, 56, 43, 9, 23, 17, 53, 32, 57, 47, 39, 42, 58, 7, 36, 16, 62, 19, 59, 37] total weight : 763 cap : 765
Agent 1 : [60, 47, 20, 25, 69, 42, 63, 34, 88, 49, 65, 51, 24, 35, 32, 10, 34, 35, 38] total weight : 821 cap : 824
Agent 2 : [16, 43, 58, 62, 39, 38, 1, 74, 74, 48, 45, 16, 26, 58, 10, 49, 81, 59, 41, 72] total weight : 910 cap : 919
Agent 3 : [22, 12, 25, 14, 89, 51, 42, 32, 50, 95, 51, 26, 8, 50, 21, 59, 42, 36] total weight : 725 cap : 727
Agent 4 : [84, 37, 41, 23, 8, 21, 23, 3, 54, 16, 24, 60, 60, 6, 40, 50, 26, 31, 13, 48, 61, 32, 19] total weight : 780 cap : 798

Selected Profits : 
Agent 0 : [-50, -52, -66, -98, -79, -91, -51, -73, -51, -69, -62, -65, -43, -100, -74, -96, -44, -84, -49, -64] profit : -1361
Agent 1 : [-45, -57, -88, -85, -48, -62, -39, -68, -18, -63, -44, -58, -78, -68, -70, -97, -70, -73, -67] profit : -1198
Agent 2 : [-90, -66, -43, -43, -62, -68, -106, -37, -27, -59, -66, -89, -77, -43, -95, -54, -24, -47, -67, -29] profit : -1192
Agent 3 : [-83, -96, -77, -101, -12, -58, -70, -74, -56, -6, -63, -78, -94, -56, -97, -47, -60, -67] profit : -1195
Agent 4 : [-21, -68, -69, -84, -96, -80, -88, -99, -49, -95, -78, -42, -41, -96, -61, -59, -82, -71, -90, -55, -44, -73, -89] profit : -1630
Total Profit : 6576.0 
