File Path : ../data/gapa_0.json
Time Elapsed : 2.32s

Num Agents : 5 | Num Tasks : 100
Selected Item Coords : [(0, 5), (0, 12), (0, 16), (0, 17), (0, 20), (0, 22), (0, 28), (0, 40), (0, 46), (0, 48), (0, 50), (0, 67), (0, 72), (0, 78), (0, 80), (0, 95), (0, 98), (1, 3), (1, 25), (1, 26), (1, 33), (1, 35), (1, 45), (1, 49), (1, 59), (1, 64), (1, 68), (1, 71), (1, 74), (1, 75), (1, 83), (1, 87), (1, 92), (1, 93), (1, 97), (2, 9), (2, 13), (2, 15), (2, 24), (2, 27), (2, 29), (2, 31), (2, 32), (2, 34), (2, 36), (2, 41), (2, 54), (2, 58), (2, 61), (2, 66), (2, 69), (2, 70), (2, 77), (2, 84), (2, 89), (2, 91), (2, 99), (3, 0), (3, 2), (3, 4), (3, 6), (3, 8), (3, 11), (3, 18), (3, 21), (3, 23), (3, 30), (3, 47), (3, 51), (3, 52), (3, 55), (3, 56), (3, 57), (3, 60), (3, 62), (3, 79), (3, 81), (3, 82), (3, 86), (3, 94), (4, 1), (4, 7), (4, 10), (4, 14), (4, 19), (4, 37), (4, 38), (4, 39), (4, 42), (4, 43), (4, 44), (4, 53), (4, 63), (4, 65), (4, 73), (4, 76), (4, 85), (4, 88), (4, 90), (4, 96)]
Number of Selected Items : 100
Selected Weights : 
Agent 0 : [8, 10, 21, 18, 22, 18, 17, 13, 20, 21, 25, 9, 12, 7, 21, 25, 19] total weight : 286 cap : 342
Agent 1 : [23, 25, 18, 8, 24, 17, 19, 8, 16, 16, 13, 5, 25, 14, 16, 23, 17, 19] total weight : 306 cap : 342
Agent 2 : [12, 16, 15, 16, 23, 21, 18, 8, 8, 22, 12, 12, 17, 21, 13, 8, 6, 13, 12, 5, 25, 9] total weight : 312 cap : 342
Agent 3 : [6, 24, 24, 8, 6, 7, 5, 13, 5, 15, 15, 15, 9, 12, 19, 24, 13, 9, 9, 12, 6, 16, 9] total weight : 281 cap : 342
Agent 4 : [19, 12, 25, 16, 14, 23, 11, 6, 14, 22, 5, 22, 21, 7, 22, 14, 22, 25, 17, 22] total weight : 339 cap : 342

Selected Profits : 
Agent 0 : [-17, -37, -11, -11, -23, -15, -16, -15, -22, -13, -14, -10, -20, -18, -17, -11, -27] profit : -297
Agent 1 : [-10, -12, -17, -10, -12, -13, -16, -11, -10, -28, -11, -14, -21, -13, -13, -10, -10, -21] profit : -252
Agent 2 : [-10, -13, -11, -21, -29, -12, -11, -14, -25, -32, -15, -17, -19, -15, -20, -20, -10, -22, -15, -17, -16, -17] profit : -381
Agent 3 : [-10, -25, -16, -11, -21, -27, -18, -27, -18, -11, -10, -20, -11, -31, -11, -23, -20, -39, -21, -11, -13, -19, -19] profit : -432
Agent 4 : [-19, -11, -18, -13, -19, -26, -12, -12, -22, -13, -11, -19, -15, -11, -21, -29, -23, -16, -10, -16] profit : -336
Total Profit : 1698.0 
