File Path : ../data/gapd_2.json
Time Elapsed : 2.8s

Num Agents : 10 | Num Tasks : 100
Selected Item Coords : [(0, 7), (0, 23), (0, 26), (0, 30), (0, 34), (0, 48), (0, 60), (0, 90), (1, 2), (1, 10), (1, 32), (1, 40), (1, 46), (1, 52), (1, 62), (1, 67), (1, 87), (1, 91), (1, 97), (2, 0), (2, 44), (2, 59), (2, 65), (2, 70), (2, 74), (2, 79), (2, 80), (2, 89), (2, 94), (3, 9), (3, 19), (3, 33), (3, 39), (3, 61), (3, 72), (3, 76), (4, 15), (4, 16), (4, 18), (4, 22), (4, 37), (4, 47), (4, 50), (4, 68), (4, 69), (4, 77), (4, 84), (4, 86), (5, 8), (5, 25), (5, 28), (5, 31), (5, 36), (5, 41), (5, 43), (5, 53), (5, 58), (5, 66), (6, 14), (6, 17), (6, 20), (6, 27), (6, 45), (6, 71), (6, 75), (6, 82), (6, 83), (6, 92), (6, 95), (6, 98), (7, 13), (7, 29), (7, 35), (7, 51), (7, 56), (7, 63), (7, 85), (7, 88), (8, 1), (8, 5), (8, 6), (8, 11), (8, 12), (8, 38), (8, 42), (8, 49), (8, 54), (8, 55), (8, 64), (9, 3), (9, 4), (9, 21), (9, 24), (9, 57), (9, 73), (9, 78), (9, 81), (9, 93), (9, 96), (9, 99)]
Number of Selected Items : 100
Selected Weights : 
Agent 0 : [23, 57, 47, 56, 70, 91, 13, 48] total weight : 405 cap : 416
Agent 1 : [66, 87, 27, 2, 17, 25, 23, 46, 37, 32, 16] total weight : 378 cap : 379
Agent 2 : [67, 43, 56, 14, 41, 35, 33, 13, 37, 42] total weight : 381 cap : 385
Agent 3 : [33, 77, 48, 66, 26, 68, 52] total weight : 370 cap : 374
Agent 4 : [44, 47, 6, 50, 22, 31, 18, 39, 19, 21, 45, 47] total weight : 389 cap : 398
Agent 5 : [23, 54, 61, 1, 39, 64, 24, 27, 52, 26] total weight : 371 cap : 385
Agent 6 : [35, 21, 12, 9, 5, 56, 6, 61, 44, 22, 91, 24] total weight : 386 cap : 388
Agent 7 : [83, 72, 14, 44, 65, 44, 33, 56] total weight : 411 cap : 411
Agent 8 : [21, 32, 31, 24, 49, 53, 1, 60, 5, 65, 41] total weight : 382 cap : 398
Agent 9 : [32, 43, 35, 19, 51, 2, 44, 64, 29, 33, 20] total weight : 372 cap : 388

Selected Profits : 
Agent 0 : [-86, -46, -56, -46, -31, -23, -96, -64] profit : -448
Agent 1 : [-48, -21, -75, -99, -84, -85, -85, -55, -66, -84, -93] profit : -795
Agent 2 : [-35, -66, -47, -89, -64, -75, -75, -88, -66, -59] profit : -664
Agent 3 : [-76, -38, -54, -53, -85, -39, -51] profit : -396
Agent 4 : [-57, -59, -99, -63, -96, -70, -89, -66, -83, -81, -63, -55] profit : -881
Agent 5 : [-78, -57, -42, -106, -64, -37, -84, -76, -58, -75] profit : -677
Agent 6 : [-68, -82, -93, -103, -101, -49, -97, -40, -57, -79, -14, -79] profit : -862
Agent 7 : [-24, -32, -87, -75, -40, -58, -76, -56] profit : -448
Agent 8 : [-91, -85, -77, -79, -60, -53, -103, -45, -97, -38, -64] profit : -792
Agent 9 : [-71, -65, -67, -82, -55, -99, -59, -43, -79, -70, -84] profit : -774
Total Profit : 6737.0 
