File Path : ../data/gapd_0.json
Time Elapsed : 2.64s

Num Agents : 5 | Num Tasks : 100
Selected Item Coords : [(0, 3), (0, 11), (0, 12), (0, 16), (0, 21), (0, 24), (0, 43), (0, 44), (0, 45), (0, 49), (0, 52), (0, 53), (0, 62), (0, 63), (0, 68), (0, 71), (0, 77), (0, 81), (0, 91), (0, 92), (1, 0), (1, 1), (1, 4), (1, 6), (1, 13), (1, 18), (1, 20), (1, 30), (1, 35), (1, 38), (1, 51), (1, 54), (1, 59), (1, 60), (1, 66), (1, 74), (1, 79), (1, 82), (1, 84), (1, 89), (1, 95), (1, 99), (2, 2), (2, 7), (2, 9), (2, 22), (2, 23), (2, 27), (2, 42), (2, 47), (2, 48), (2, 61), (2, 70), (2, 75), (2, 85), (2, 86), (2, 93), (2, 96), (2, 98), (3, 10), (3, 14), (3, 17), (3, 25), (3, 26), (3, 28), (3, 29), (3, 33), (3, 37), (3, 41), (3, 46), (3, 55), (3, 56), (3, 64), (3, 67), (3, 69), (3, 73), (3, 76), (3, 80), (3, 94), (3, 97), (4, 5), (4, 8), (4, 15), (4, 19), (4, 31), (4, 32), (4, 34), (4, 36), (4, 39), (4, 40), (4, 50), (4, 57), (4, 58), (4, 65), (4, 72), (4, 78), (4, 83), (4, 87), (4, 88), (4, 90)]
Number of Selected Items : 100
Selected Weights : 
Agent 0 : [57, 11, 38, 40, 6, 44, 65, 51, 74, 78, 78, 21, 12, 51, 5, 14, 88, 26, 13, 26] total weight : 798 cap : 798
Agent 1 : [56, 51, 40, 50, 40, 30, 42, 67, 8, 21, 18, 27, 31, 24, 45, 67, 22, 33, 39, 4, 30, 14] total weight : 759 cap : 760
Agent 2 : [26, 92, 44, 63, 33, 32, 80, 68, 60, 18, 19, 25, 31, 10, 87, 66, 52] total weight : 806 cap : 810
Agent 3 : [48, 32, 18, 86, 58, 46, 26, 96, 51, 22, 30, 34, 32, 5, 21, 22, 76, 24, 23, 55, 16] total weight : 821 cap : 824
Agent 4 : [36, 26, 9, 42, 67, 45, 21, 69, 74, 14, 14, 15, 53, 46, 67, 42, 61, 47, 75, 44] total weight : 867 cap : 868

Selected Profits : 
Agent 0 : [-45, -91, -72, -70, -107, -62, -44, -51, -31, -24, -36, -83, -99, -62, -97, -91, -30, -75, -102, -87] profit : -1359
Agent 1 : [-45, -60, -64, -53, -64, -72, -67, -34, -96, -85, -90, -87, -70, -77, -71, -38, -80, -77, -66, -99, -78, -87] profit : -1560
Agent 2 : [-77, -11, -60, -47, -74, -72, -24, -43, -42, -98, -92, -76, -82, -108, -22, -38, -55] profit : -1021
Agent 3 : [-55, -81, -87, -28, -51, -59, -78, -18, -50, -80, -83, -67, -73, -100, -90, -88, -29, -83, -80, -56, -85] profit : -1421
Agent 4 : [-66, -80, -92, -68, -37, -57, -82, -38, -28, -89, -90, -90, -49, -61, -37, -61, -40, -54, -26, -57] profit : -1202
Total Profit : 6563.0 
