File Path : ../data/gapb_3.json
Time Elapsed : 3.02s

Num Agents : 10 | Num Tasks : 200
Selected Item Coords : [(0, 7), (0, 10), (0, 13), (0, 29), (0, 31), (0, 54), (0, 56), (0, 74), (0, 97), (0, 98), (0, 101), (0, 119), (0, 120), (0, 121), (0, 136), (0, 138), (0, 154), (0, 157), (0, 159), (0, 174), (0, 177), (1, 6), (1, 37), (1, 39), (1, 46), (1, 55), (1, 70), (1, 72), (1, 82), (1, 108), (1, 111), (1, 116), (1, 123), (1, 133), (1, 150), (1, 180), (1, 186), (1, 187), (1, 191), (1, 193), (2, 9), (2, 20), (2, 23), (2, 30), (2, 41), (2, 62), (2, 64), (2, 65), (2, 78), (2, 87), (2, 91), (2, 102), (2, 127), (2, 132), (2, 143), (2, 147), (2, 155), (2, 172), (2, 173), (2, 185), (2, 198), (3, 4), (3, 27), (3, 34), (3, 38), (3, 40), (3, 47), (3, 60), (3, 76), (3, 79), (3, 84), (3, 99), (3, 103), (3, 105), (3, 110), (3, 112), (3, 122), (3, 129), (3, 163), (3, 165), (3, 170), (3, 178), (3, 181), (3, 190), (3, 196), (4, 18), (4, 19), (4, 50), (4, 52), (4, 71), (4, 86), (4, 94), (4, 117), (4, 126), (4, 137), (4, 140), (4, 153), (4, 171), (4, 182), (4, 188), (4, 197), (5, 1), (5, 14), (5, 24), (5, 33), (5, 51), (5, 77), (5, 85), (5, 88), (5, 93), (5, 125), (5, 134), (5, 139), (5, 142), (5, 144), (5, 145), (5, 162), (5, 166), (5, 192), (6, 5), (6, 8), (6, 17), (6, 25), (6, 43), (6, 53), (6, 61), (6, 81), (6, 83), (6, 90), (6, 104), (6, 109), (6, 124), (6, 128), (6, 152), (6, 160), (6, 164), (6, 169), (6, 194), (7, 0), (7, 2), (7, 21), (7, 35), (7, 36), (7, 44), (7, 45), (7, 57), (7, 66), (7, 80), (7, 89), (7, 106), (7, 107), (7, 113), (7, 141), (7, 151), (7, 156), (7, 161), (7, 168), (7, 176), (7, 179), (8, 3), (8, 12), (8, 15), (8, 26), (8, 32), (8, 42), (8, 48), (8, 49), (8, 58), (8, 68), (8, 69), (8, 75), (8, 92), (8, 95), (8, 96), (8, 114), (8, 135), (8, 146), (8, 148), (8, 149), (8, 184), (9, 11), (9, 16), (9, 22), (9, 28), (9, 59), (9, 63), (9, 67), (9, 73), (9, 100), (9, 115), (9, 118), (9, 130), (9, 131), (9, 158), (9, 167), (9, 175), (9, 183), (9, 189), (9, 195), (9, 199)]
Number of Selected Items : 200
Selected Weights : 
Agent 0 : [23, 5, 12, 12, 10, 18, 11, 9, 5, 7, 9, 18, 9, 9, 7, 9, 6, 15, 20, 14, 11] total weight : 239 cap : 243
Agent 1 : [17, 5, 5, 10, 21, 11, 12, 9, 14, 11, 8, 21, 16, 8, 14, 16, 17, 12, 13] total weight : 240 cap : 243
Agent 2 : [14, 11, 12, 19, 10, 9, 5, 25, 8, 19, 5, 22, 10, 7, 5, 13, 12, 6, 6, 13, 10] total weight : 241 cap : 243
Agent 3 : [11, 5, 6, 6, 5, 11, 9, 14, 8, 10, 6, 6, 5, 12, 18, 15, 17, 9, 12, 13, 5, 8, 10, 19] total weight : 240 cap : 243
Agent 4 : [16, 20, 8, 12, 5, 19, 24, 6, 19, 14, 16, 21, 9, 7, 16, 10] total weight : 222 cap : 243
Agent 5 : [9, 16, 11, 10, 10, 19, 17, 19, 16, 14, 6, 5, 24, 12, 18, 13, 12, 10] total weight : 241 cap : 243
Agent 6 : [11, 11, 6, 13, 11, 18, 11, 18, 19, 9, 16, 17, 11, 6, 7, 11, 5, 21, 22] total weight : 243 cap : 243
Agent 7 : [9, 10, 14, 10, 5, 13, 5, 18, 15, 8, 19, 12, 8, 7, 14, 7, 12, 17, 9, 10, 11] total weight : 233 cap : 243
Agent 8 : [10, 17, 20, 6, 9, 10, 5, 20, 5, 6, 6, 22, 16, 15, 8, 5, 9, 11, 9, 10, 24] total weight : 243 cap : 243
Agent 9 : [6, 9, 8, 19, 8, 12, 21, 21, 18, 17, 18, 6, 5, 6, 20, 14, 10, 5, 14, 5] total weight : 242 cap : 243

Selected Profits : 
Agent 0 : [-15, -12, -15, -14, -14, -16, -17, -18, -19, -23, -15, -13, -16, -14, -15, -10, -12, -10, -11, -13, -11] profit : -303
Agent 1 : [-12, -11, -17, -14, -20, -17, -11, -11, -13, -12, -18, -18, -24, -18, -11, -13, -11, -20, -12] profit : -283
Agent 2 : [-14, -10, -13, -15, -12, -13, -20, -12, -15, -11, -16, -10, -16, -10, -18, -12, -18, -13, -16, -12, -18] profit : -294
Agent 3 : [-16, -23, -12, -12, -19, -10, -13, -10, -11, -14, -22, -10, -26, -10, -10, -10, -11, -15, -12, -13, -10, -13, -13, -14] profit : -329
Agent 4 : [-20, -18, -11, -16, -22, -20, -19, -11, -15, -14, -15, -10, -16, -16, -18, -12] profit : -253
Agent 5 : [-14, -12, -10, -16, -11, -10, -15, -10, -11, -12, -23, -11, -15, -14, -15, -11, -10, -13] profit : -233
Agent 6 : [-13, -18, -28, -11, -13, -17, -12, -16, -10, -10, -10, -12, -16, -14, -11, -15, -12, -12, -11] profit : -261
Agent 7 : [-18, -11, -19, -15, -12, -10, -11, -16, -15, -10, -15, -15, -21, -20, -11, -12, -10, -13, -26, -10, -17] profit : -307
Agent 8 : [-10, -11, -19, -12, -13, -24, -23, -11, -24, -10, -15, -11, -10, -10, -12, -10, -14, -10, -15, -16, -13] profit : -293
Agent 9 : [-10, -17, -18, -17, -17, -26, -20, -11, -26, -13, -13, -18, -17, -14, -11, -11, -12, -14, -13, -12] profit : -310
Total Profit : 2866.0 
