File Path : ../data/yag_200_10_0.json
Time Elapsed : 2.53s

Num Agents : 10 | Num Tasks : 200
Selected Item Coords : [(0, 2), (0, 27), (0, 31), (0, 46), (0, 58), (0, 65), (0, 68), (0, 70), (0, 105), (0, 118), (0, 120), (0, 136), (0, 146), (0, 147), (0, 149), (0, 161), (0, 162), (0, 175), (0, 187), (0, 190), (1, 4), (1, 12), (1, 33), (1, 34), (1, 51), (1, 84), (1, 91), (1, 94), (1, 102), (1, 110), (1, 114), (1, 138), (1, 140), (1, 142), (1, 144), (1, 166), (1, 167), (1, 179), (1, 180), (1, 189), (1, 191), (1, 196), (2, 16), (2, 26), (2, 38), (2, 43), (2, 49), (2, 69), (2, 83), (2, 96), (2, 108), (2, 121), (2, 129), (2, 143), (2, 158), (2, 165), (2, 171), (2, 173), (2, 174), (2, 177), (2, 193), (2, 195), (3, 9), (3, 15), (3, 18), (3, 47), (3, 63), (3, 64), (3, 74), (3, 90), (3, 100), (3, 106), (3, 126), (3, 131), (3, 135), (3, 139), (3, 152), (3, 168), (3, 172), (3, 176), (3, 178), (4, 0), (4, 3), (4, 8), (4, 29), (4, 37), (4, 66), (4, 71), (4, 88), (4, 89), (4, 95), (4, 111), (4, 123), (4, 124), (4, 128), (4, 151), (4, 157), (4, 169), (4, 184), (4, 185), (4, 194), (5, 1), (5, 14), (5, 23), (5, 50), (5, 55), (5, 67), (5, 73), (5, 79), (5, 81), (5, 86), (5, 87), (5, 92), (5, 104), (5, 116), (5, 117), (5, 141), (5, 145), (5, 159), (5, 182), (5, 186), (5, 197), (6, 6), (6, 10), (6, 17), (6, 35), (6, 40), (6, 42), (6, 54), (6, 76), (6, 77), (6, 78), (6, 99), (6, 103), (6, 112), (6, 119), (6, 137), (6, 160), (6, 164), (6, 181), (7, 11), (7, 13), (7, 19), (7, 24), (7, 25), (7, 30), (7, 45), (7, 48), (7, 52), (7, 59), (7, 75), (7, 93), (7, 107), (7, 115), (7, 130), (7, 148), (7, 170), (7, 183), (7, 192), (7, 199), (8, 5), (8, 7), (8, 20), (8, 21), (8, 22), (8, 39), (8, 44), (8, 53), (8, 56), (8, 61), (8, 85), (8, 109), (8, 113), (8, 122), (8, 125), (8, 127), (8, 132), (8, 153), (8, 154), (8, 163), (8, 198), (9, 28), (9, 32), (9, 36), (9, 41), (9, 57), (9, 60), (9, 62), (9, 72), (9, 80), (9, 82), (9, 97), (9, 98), (9, 101), (9, 133), (9, 134), (9, 150), (9, 155), (9, 156), (9, 188)]
Number of Selected Items : 200
Selected Weights : 
Agent 0 : [41, 49, 32, 29, 49, 36, 25, 33, 42, 25, 17, 14, 55, 26, 49, 43, 75, 57, 55, 38] total weight : 790 cap : 795
Agent 1 : [43, 41, 34, 67, 45, 49, 23, 59, 19, 23, 13, 11, 29, 20, 38, 61, 12, 23, 52, 59, 42, 36] total weight : 799 cap : 823
Agent 2 : [36, 21, 16, 45, 13, 31, 62, 3, 15, 31, 50, 77, 35, 48, 57, 86, 45, 93, 4, 37] total weight : 805 cap : 812
Agent 3 : [30, 40, 47, 60, 49, 22, 16, 21, 51, 44, 26, 64, 46, 53, 33, 30, 12, 57, 30] total weight : 731 cap : 745
Agent 4 : [21, 38, 45, 70, 40, 37, 33, 12, 28, 47, 31, 15, 32, 59, 33, 28, 8, 36, 70, 76] total weight : 759 cap : 762
Agent 5 : [60, 11, 59, 64, 23, 82, 30, 63, 64, 49, 10, 39, 31, 40, 19, 30, 1, 16, 40, 37, 20] total weight : 788 cap : 811
Agent 6 : [34, 56, 54, 50, 46, 94, 53, 29, 60, 56, 42, 20, 60, 25, 27, 32, 6, 38] total weight : 782 cap : 786
Agent 7 : [54, 33, 35, 42, 28, 74, 44, 36, 13, 44, 27, 50, 48, 59, 31, 27, 46, 38, 30, 38] total weight : 797 cap : 801
Agent 8 : [39, 33, 47, 47, 3, 76, 33, 40, 21, 25, 55, 40, 25, 31, 37, 9, 39, 50, 59, 36, 64] total weight : 809 cap : 817
Agent 9 : [47, 28, 48, 43, 68, 51, 64, 51, 69, 33, 5, 67, 11, 61, 48, 42, 63, 26, 20] total weight : 845 cap : 857

Selected Profits : 
Agent 0 : [-66, -60, -73, -77, -66, -66, -87, -72, -61, -82, -96, -88, -59, -86, -53, -60, -27, -48, -48, -67] profit : -1342
Agent 1 : [-64, -65, -73, -36, -58, -61, -81, -46, -87, -93, -90, -100, -77, -86, -71, -40, -108, -80, -53, -42, -60, -65] profit : -1536
Agent 2 : [-68, -80, -88, -71, -89, -81, -46, -105, -88, -75, -53, -38, -67, -55, -48, -16, -65, -11, -99, -74] profit : -1317
Agent 3 : [-78, -66, -69, -41, -57, -87, -85, -86, -51, -58, -78, -38, -61, -57, -72, -86, -97, -47, -80] profit : -1294
Agent 4 : [-82, -67, -64, -33, -61, -73, -70, -92, -73, -54, -77, -88, -69, -51, -71, -80, -93, -69, -43, -29] profit : -1339
Agent 5 : [-49, -90, -46, -37, -82, -23, -81, -44, -50, -65, -93, -64, -75, -61, -88, -77, -103, -91, -62, -64, -84] profit : -1429
Agent 6 : [-70, -45, -62, -56, -56, -9, -65, -83, -54, -52, -66, -83, -42, -76, -78, -71, -99, -67] profit : -1134
Agent 7 : [-58, -77, -66, -66, -79, -42, -58, -71, -95, -66, -75, -69, -58, -49, -70, -80, -59, -63, -71, -64] profit : -1336
Agent 8 : [-67, -72, -58, -70, -99, -44, -75, -62, -81, -81, -56, -62, -78, -85, -71, -97, -64, -53, -51, -66, -42] profit : -1434
Agent 9 : [-68, -88, -53, -65, -43, -64, -45, -54, -46, -70, -98, -40, -94, -40, -61, -62, -44, -83, -90] profit : -1208
Total Profit : 13369.0 
