File Path : ../data/gapb_5.json
Time Elapsed : 2.82s

Num Agents : 20 | Num Tasks : 200
Selected Item Coords : [(0, 7), (0, 40), (0, 85), (0, 110), (0, 141), (0, 142), (0, 147), (0, 176), (0, 178), (0, 179), (0, 185), (0, 193), (1, 6), (1, 9), (1, 11), (1, 17), (1, 37), (1, 52), (1, 66), (1, 103), (1, 155), (2, 18), (2, 36), (2, 43), (2, 54), (2, 57), (2, 79), (2, 86), (2, 106), (2, 128), (2, 133), (2, 149), (2, 180), (3, 5), (3, 14), (3, 22), (3, 38), (3, 45), (3, 46), (3, 71), (3, 109), (3, 156), (3, 177), (3, 183), (3, 188), (3, 192), (4, 53), (4, 80), (4, 84), (4, 104), (4, 117), (4, 151), (4, 159), (5, 10), (5, 27), (5, 34), (5, 59), (5, 72), (5, 77), (5, 99), (5, 118), (5, 137), (5, 187), (6, 21), (6, 28), (6, 50), (6, 61), (6, 92), (6, 94), (6, 107), (6, 123), (6, 126), (6, 153), (6, 164), (7, 31), (7, 55), (7, 63), (7, 69), (7, 82), (7, 130), (7, 146), (7, 150), (7, 167), (8, 24), (8, 68), (8, 76), (8, 78), (8, 83), (8, 98), (8, 100), (8, 115), (8, 129), (8, 166), (9, 3), (9, 16), (9, 20), (9, 75), (9, 90), (9, 97), (9, 113), (9, 114), (9, 120), (9, 132), (9, 191), (10, 60), (10, 65), (10, 108), (10, 116), (10, 127), (10, 131), (10, 168), (10, 170), (10, 174), (10, 175), (10, 182), (11, 23), (11, 64), (11, 67), (11, 70), (11, 119), (11, 163), (11, 181), (12, 0), (12, 4), (12, 8), (12, 13), (12, 33), (12, 81), (12, 112), (12, 139), (12, 157), (12, 184), (12, 197), (13, 30), (13, 44), (13, 87), (13, 93), (13, 95), (13, 144), (13, 145), (13, 158), (14, 35), (14, 41), (14, 88), (14, 102), (14, 125), (14, 135), (14, 140), (14, 148), (14, 199), (15, 19), (15, 47), (15, 56), (15, 91), (15, 96), (15, 171), (15, 172), (15, 189), (15, 196), (15, 198), (16, 26), (16, 29), (16, 32), (16, 39), (16, 48), (16, 74), (16, 138), (16, 161), (16, 169), (16, 186), (17, 1), (17, 2), (17, 73), (17, 89), (17, 105), (17, 111), (17, 134), (17, 152), (17, 165), (17, 194), (18, 15), (18, 25), (18, 42), (18, 58), (18, 62), (18, 121), (18, 122), (18, 143), (18, 162), (18, 190), (19, 12), (19, 49), (19, 51), (19, 101), (19, 124), (19, 136), (19, 154), (19, 160), (19, 173), (19, 195)]
Number of Selected Items : 200
Selected Weights : 
Agent 0 : [8, 5, 22, 6, 7, 7, 13, 9, 13, 14, 8, 17] total weight : 129 cap : 131
Agent 1 : [6, 18, 11, 13, 22, 11, 24, 13, 12] total weight : 130 cap : 131
Agent 2 : [24, 7, 5, 10, 15, 8, 19, 6, 13, 10, 5, 6] total weight : 128 cap : 131
Agent 3 : [10, 14, 9, 11, 18, 6, 9, 16, 11, 5, 5, 5, 11] total weight : 130 cap : 131
Agent 4 : [20, 11, 20, 24, 16, 12, 16] total weight : 119 cap : 131
Agent 5 : [13, 5, 9, 11, 6, 20, 13, 14, 25, 15] total weight : 131 cap : 131
Agent 6 : [14, 21, 8, 9, 7, 13, 10, 7, 11, 7, 23] total weight : 130 cap : 131
Agent 7 : [11, 11, 10, 5, 17, 9, 22, 14, 19] total weight : 118 cap : 131
Agent 8 : [13, 19, 16, 24, 9, 10, 9, 6, 18, 5] total weight : 129 cap : 131
Agent 9 : [15, 9, 5, 17, 16, 10, 6, 13, 17, 12, 9] total weight : 129 cap : 131
Agent 10 : [25, 13, 13, 7, 6, 13, 10, 9, 8, 9, 14] total weight : 127 cap : 131
Agent 11 : [23, 8, 5, 18, 16, 12, 20] total weight : 102 cap : 131
Agent 12 : [12, 5, 20, 7, 17, 8, 15, 20, 7, 12, 7] total weight : 130 cap : 131
Agent 13 : [15, 8, 25, 19, 22, 10, 13, 7] total weight : 119 cap : 131
Agent 14 : [6, 13, 13, 14, 10, 12, 12, 20, 25] total weight : 125 cap : 131
Agent 15 : [24, 5, 7, 6, 14, 6, 20, 17, 13, 11] total weight : 123 cap : 131
Agent 16 : [17, 12, 6, 10, 24, 8, 8, 24, 6, 8] total weight : 123 cap : 131
Agent 17 : [23, 8, 5, 6, 5, 9, 17, 8, 12, 25] total weight : 118 cap : 131
Agent 18 : [17, 10, 13, 10, 19, 17, 7, 8, 16, 8] total weight : 125 cap : 131
Agent 19 : [9, 11, 11, 7, 23, 19, 23, 6, 5, 6] total weight : 120 cap : 131

Selected Profits : 
Agent 0 : [-10, -11, -14, -12, -13, -12, -11, -12, -11, -12, -11, -11] profit : -140
Agent 1 : [-14, -11, -13, -12, -11, -12, -10, -11, -14] profit : -108
Agent 2 : [-10, -12, -10, -10, -12, -10, -10, -11, -10, -11, -11, -11] profit : -128
Agent 3 : [-11, -10, -16, -10, -14, -10, -11, -11, -12, -10, -10, -11, -10] profit : -146
Agent 4 : [-12, -16, -13, -10, -10, -11, -11] profit : -83
Agent 5 : [-11, -12, -11, -10, -11, -10, -12, -10, -11, -10] profit : -108
Agent 6 : [-12, -11, -11, -13, -11, -12, -10, -11, -15, -12, -12] profit : -130
Agent 7 : [-14, -16, -10, -10, -15, -13, -11, -11, -11] profit : -111
Agent 8 : [-11, -13, -11, -10, -13, -11, -10, -10, -10, -10] profit : -109
Agent 9 : [-13, -11, -10, -10, -10, -11, -14, -11, -12, -14, -12] profit : -128
Agent 10 : [-13, -10, -11, -10, -10, -16, -14, -10, -12, -10, -12] profit : -128
Agent 11 : [-10, -19, -13, -12, -10, -14, -18] profit : -96
Agent 12 : [-12, -13, -13, -12, -10, -10, -15, -10, -19, -11, -14] profit : -139
Agent 13 : [-10, -11, -16, -10, -14, -11, -13, -10] profit : -95
Agent 14 : [-15, -10, -14, -11, -10, -11, -11, -11, -11] profit : -104
Agent 15 : [-10, -18, -14, -10, -11, -12, -10, -11, -11, -17] profit : -124
Agent 16 : [-10, -15, -14, -12, -13, -11, -13, -11, -13, -11] profit : -123
Agent 17 : [-12, -10, -10, -13, -10, -12, -12, -10, -11, -11] profit : -111
Agent 18 : [-11, -10, -13, -10, -10, -13, -15, -11, -13, -12] profit : -118
Agent 19 : [-10, -11, -15, -12, -10, -14, -10, -11, -12, -10] profit : -115
Total Profit : 2344.0 
