File Path : ../data/yag_200_20_0.json
Time Elapsed : 2.75s

Num Agents : 20 | Num Tasks : 200
Selected Item Coords : [(0, 24), (0, 32), (0, 50), (0, 98), (0, 104), (0, 121), (0, 123), (0, 149), (0, 154), (0, 159), (0, 172), (1, 1), (1, 23), (1, 55), (1, 85), (1, 94), (1, 95), (1, 96), (1, 115), (1, 153), (1, 160), (1, 168), (2, 16), (2, 31), (2, 34), (2, 53), (2, 54), (2, 114), (2, 141), (2, 150), (2, 158), (2, 161), (2, 171), (2, 174), (3, 12), (3, 13), (3, 25), (3, 27), (3, 29), (3, 93), (3, 109), (3, 128), (3, 135), (3, 178), (3, 180), (3, 184), (3, 191), (4, 36), (4, 37), (4, 61), (4, 66), (4, 91), (4, 100), (4, 103), (4, 122), (4, 129), (5, 5), (5, 20), (5, 22), (5, 46), (5, 65), (5, 75), (5, 194), (6, 6), (6, 7), (6, 21), (6, 30), (6, 48), (6, 59), (6, 68), (6, 80), (6, 110), (6, 162), (6, 164), (6, 186), (6, 192), (7, 26), (7, 42), (7, 57), (7, 67), (7, 130), (7, 132), (7, 148), (7, 156), (7, 176), (7, 182), (8, 3), (8, 28), (8, 74), (8, 78), (8, 116), (8, 120), (8, 143), (8, 146), (8, 163), (8, 167), (9, 14), (9, 41), (9, 72), (9, 83), (9, 111), (9, 124), (9, 181), (9, 195), (10, 2), (10, 8), (10, 49), (10, 51), (10, 105), (10, 119), (10, 155), (10, 166), (10, 196), (10, 199), (11, 10), (11, 39), (11, 52), (11, 69), (11, 70), (11, 106), (11, 112), (11, 133), (11, 138), (11, 179), (12, 35), (12, 58), (12, 63), (12, 84), (12, 101), (12, 107), (12, 117), (12, 126), (12, 152), (12, 165), (12, 177), (13, 17), (13, 43), (13, 62), (13, 86), (13, 92), (13, 118), (13, 170), (14, 9), (14, 40), (14, 60), (14, 82), (14, 99), (14, 102), (14, 134), (14, 140), (14, 189), (15, 79), (15, 90), (15, 97), (15, 108), (15, 137), (15, 144), (15, 157), (15, 183), (15, 190), (16, 4), (16, 11), (16, 18), (16, 19), (16, 38), (16, 71), (16, 73), (16, 136), (16, 151), (16, 187), (16, 197), (16, 198), (17, 0), (17, 47), (17, 56), (17, 77), (17, 81), (17, 127), (17, 175), (17, 185), (17, 188), (17, 193), (18, 15), (18, 44), (18, 87), (18, 88), (18, 89), (18, 125), (18, 142), (18, 173), (19, 33), (19, 45), (19, 64), (19, 76), (19, 113), (19, 131), (19, 139), (19, 145), (19, 147), (19, 169)]
Number of Selected Items : 200
Selected Weights : 
Agent 0 : [21, 30, 42, 32, 25, 41, 39, 49, 20, 35, 62] total weight : 396 cap : 397
Agent 1 : [24, 38, 8, 28, 59, 41, 84, 23, 21, 48, 36] total weight : 410 cap : 411
Agent 2 : [36, 24, 3, 28, 34, 32, 40, 33, 35, 34, 57, 45] total weight : 401 cap : 406
Agent 3 : [14, 77, 35, 17, 9, 40, 23, 16, 46, 30, 19, 11, 31] total weight : 368 cap : 372
Agent 4 : [35, 40, 51, 37, 7, 28, 41, 91, 50] total weight : 380 cap : 381
Agent 5 : [60, 55, 88, 43, 26, 35, 85] total weight : 392 cap : 406
Agent 6 : [34, 15, 24, 9, 20, 86, 20, 52, 39, 65, 6, 16, 6] total weight : 392 cap : 393
Agent 7 : [88, 43, 30, 24, 31, 16, 27, 40, 65, 30] total weight : 394 cap : 400
Agent 8 : [40, 22, 54, 41, 33, 53, 38, 41, 36, 45] total weight : 403 cap : 408
Agent 9 : [18, 43, 51, 76, 29, 37, 65, 92] total weight : 411 cap : 428
Agent 10 : [34, 86, 13, 10, 15, 84, 35, 50, 36, 31] total weight : 394 cap : 411
Agent 11 : [79, 35, 28, 41, 27, 45, 34, 38, 50, 13] total weight : 390 cap : 392
Agent 12 : [34, 47, 51, 50, 33, 27, 78, 31, 19, 11, 16] total weight : 397 cap : 404
Agent 13 : [22, 85, 75, 70, 28, 26, 79] total weight : 385 cap : 402
Agent 14 : [46, 52, 50, 37, 52, 47, 53, 2, 47] total weight : 386 cap : 387
Agent 15 : [34, 48, 5, 35, 79, 39, 45, 74, 22] total weight : 381 cap : 386
Agent 16 : [52, 38, 1, 39, 22, 19, 47, 55, 30, 16, 28, 51] total weight : 398 cap : 398
Agent 17 : [19, 27, 40, 48, 71, 9, 34, 34, 34, 50] total weight : 366 cap : 385
Agent 18 : [49, 36, 42, 77, 9, 39, 75, 71] total weight : 398 cap : 408
Agent 19 : [38, 65, 84, 34, 19, 20, 61, 21, 38, 36] total weight : 416 cap : 423

Selected Profits : 
Agent 0 : [-86, -72, -64, -69, -80, -64, -62, -54, -82, -73, -39] profit : -745
Agent 1 : [-78, -64, -108, -73, -51, -60, -27, -78, -85, -67, -65] profit : -756
Agent 2 : [-66, -86, -98, -74, -82, -71, -61, -84, -67, -70, -45, -59] profit : -863
Agent 3 : [-87, -29, -66, -102, -97, -80, -85, -87, -62, -74, -93, -90, -78] profit : -1030
Agent 4 : [-70, -69, -52, -67, -96, -74, -63, -27, -70] profit : -588
Agent 5 : [-46, -54, -23, -61, -75, -70, -16] profit : -345
Agent 6 : [-71, -99, -78, -93, -84, -32, -83, -61, -70, -40, -95, -100, -102] profit : -1008
Agent 7 : [-15, -66, -71, -78, -75, -86, -78, -63, -38, -72] profit : -642
Agent 8 : [-65, -80, -63, -61, -79, -53, -71, -60, -67, -58] profit : -657
Agent 9 : [-86, -62, -55, -42, -81, -76, -38, -14] profit : -454
Agent 10 : [-76, -20, -88, -91, -89, -32, -77, -52, -67, -71] profit : -663
Agent 11 : [-23, -66, -91, -64, -76, -59, -75, -74, -56, -101] profit : -685
Agent 12 : [-73, -54, -52, -55, -69, -76, -29, -70, -82, -90, -87] profit : -737
Agent 13 : [-84, -30, -33, -43, -76, -79, -22] profit : -367
Agent 14 : [-58, -54, -55, -66, -58, -71, -48, -101, -56] profit : -567
Agent 15 : [-75, -65, -96, -66, -33, -65, -60, -40, -84] profit : -584
Agent 16 : [-56, -64, -109, -64, -84, -82, -57, -50, -74, -90, -73, -62] profit : -865
Agent 17 : [-82, -79, -61, -53, -30, -95, -77, -84, -67, -53] profit : -681
Agent 18 : [-69, -71, -66, -28, -95, -68, -27, -42] profit : -466
Agent 19 : [-75, -46, -23, -67, -87, -91, -54, -90, -68, -74] profit : -675
Total Profit : 13378.0 
