File Path : ../data/yag_100_10_2.json
Time Elapsed : 2.74s

Num Agents : 10 | Num Tasks : 100
Selected Item Coords : [(0, 5), (0, 7), (0, 11), (0, 23), (0, 29), (0, 51), (0, 57), (0, 65), (0, 72), (0, 75), (0, 82), (0, 89), (0, 92), (1, 20), (1, 30), (1, 36), (1, 38), (1, 49), (1, 50), (1, 68), (1, 70), (2, 2), (2, 8), (2, 16), (2, 21), (2, 28), (2, 32), (2, 73), (2, 91), (2, 95), (2, 98), (3, 12), (3, 14), (3, 27), (3, 48), (3, 52), (3, 59), (3, 62), (3, 66), (3, 69), (3, 81), (3, 83), (3, 85), (3, 96), (4, 0), (4, 17), (4, 31), (4, 58), (4, 67), (4, 74), (4, 76), (4, 79), (4, 80), (4, 84), (5, 18), (5, 24), (5, 26), (5, 34), (5, 41), (5, 55), (5, 64), (5, 88), (5, 93), (5, 99), (6, 13), (6, 22), (6, 40), (6, 43), (6, 44), (6, 46), (6, 47), (6, 86), (6, 94), (7, 3), (7, 6), (7, 33), (7, 35), (7, 37), (7, 42), (7, 53), (7, 54), (7, 60), (7, 77), (8, 4), (8, 10), (8, 15), (8, 25), (8, 56), (8, 61), (8, 63), (8, 78), (8, 97), (9, 1), (9, 9), (9, 19), (9, 39), (9, 45), (9, 71), (9, 87), (9, 90)]
Number of Selected Items : 100
Selected Weights : 
Agent 0 : [35, 4, 42, 61, 35, 12, 3, 5, 25, 65, 5, 25, 65] total weight : 382 cap : 384
Agent 1 : [28, 10, 97, 53, 14, 64, 52, 61] total weight : 379 cap : 386
Agent 2 : [14, 62, 47, 78, 28, 29, 3, 80, 3, 42] total weight : 386 cap : 387
Agent 3 : [23, 13, 26, 31, 62, 20, 45, 15, 28, 53, 8, 35, 47] total weight : 406 cap : 409
Agent 4 : [38, 37, 47, 30, 62, 89, 25, 15, 32, 14] total weight : 389 cap : 391
Agent 5 : [1, 45, 54, 64, 4, 24, 46, 4, 85, 51] total weight : 378 cap : 384
Agent 6 : [29, 44, 63, 42, 77, 26, 28, 26, 47] total weight : 382 cap : 387
Agent 7 : [11, 48, 43, 40, 46, 47, 60, 30, 25, 3] total weight : 353 cap : 354
Agent 8 : [42, 42, 12, 59, 76, 13, 58, 62, 32] total weight : 396 cap : 397
Agent 9 : [82, 38, 31, 2, 20, 76, 80, 80] total weight : 409 cap : 424

Selected Profits : 
Agent 0 : [-71, -103, -59, -44, -66, -91, -98, -96, -77, -40, -105, -80, -45] profit : -975
Agent 1 : [-76, -98, -21, -51, -92, -40, -56, -40] profit : -474
Agent 2 : [-88, -54, -55, -24, -80, -73, -98, -26, -98, -77] profit : -673
Agent 3 : [-81, -93, -76, -80, -40, -81, -60, -92, -73, -63, -93, -66, -56] profit : -954
Agent 4 : [-66, -68, -55, -85, -40, -14, -78, -86, -73, -93] profit : -658
Agent 5 : [-113, -62, -57, -40, -102, -90, -59, -99, -21, -52] profit : -695
Agent 6 : [-77, -67, -38, -71, -42, -82, -86, -81, -62] profit : -606
Agent 7 : [-98, -66, -73, -62, -56, -58, -48, -71, -95, -100] profit : -727
Agent 8 : [-68, -62, -89, -49, -33, -98, -49, -43, -74] profit : -565
Agent 9 : [-27, -65, -70, -99, -83, -38, -22, -24] profit : -428
Total Profit : 6755.0 
