File Path : ../data/gamma_100_5_1.json
Time Elapsed : 2.52s

Num Agents : 5 | Num Tasks : 100
Selected Item Coords : [(0, 51), (1, 12), (1, 18), (1, 29), (1, 38), (1, 44), (1, 48), (1, 49), (1, 53), (1, 54), (1, 55), (1, 61), (1, 62), (1, 63), (1, 71), (1, 95), (1, 96), (2, 2), (2, 3), (2, 5), (2, 6), (2, 9), (2, 11), (2, 16), (2, 24), (2, 26), (2, 30), (2, 34), (2, 36), (2, 37), (2, 39), (2, 40), (2, 42), (2, 43), (2, 45), (2, 46), (2, 47), (2, 52), (2, 56), (2, 57), (2, 58), (2, 59), (2, 64), (2, 66), (2, 67), (2, 68), (2, 70), (2, 72), (2, 73), (2, 74), (2, 75), (2, 76), (2, 77), (2, 78), (2, 81), (2, 82), (2, 83), (2, 84), (2, 86), (2, 90), (2, 94), (2, 98), (3, 22), (3, 33), (3, 87), (4, 0), (4, 1), (4, 4), (4, 7), (4, 8), (4, 10), (4, 13), (4, 14), (4, 15), (4, 17), (4, 19), (4, 20), (4, 21), (4, 23), (4, 25), (4, 27), (4, 28), (4, 31), (4, 32), (4, 35), (4, 41), (4, 50), (4, 60), (4, 65), (4, 69), (4, 79), (4, 80), (4, 85), (4, 88), (4, 89), (4, 91), (4, 92), (4, 93), (4, 97), (4, 99)]
Number of Selected Items : 100
Selected Weights : 
Agent 0 : [5] total weight : 5 cap : 5
Agent 1 : [2, 2, 2, 3, 2, 2, 2, 2, 2, 2, 2, 2, 2, 2, 2, 2] total weight : 33 cap : 33
Agent 2 : [121, 90, 101, 118, 238, 91, 52, 109, 85, 83, 53, 87, 58, 58, 59, 166, 59, 62, 63, 88, 90, 57, 140, 82, 60, 49, 85, 85, 63, 59, 105, 90, 91, 137, 93, 107, 98, 93, 57, 116, 108, 109, 107, 92, 145] total weight : 4159 cap : 5476
Agent 3 : [11, 11, 12] total weight : 34 cap : 34
Agent 4 : [0, 1, 0, 0, 0, 0, 0, 0, 0, 0, 0, 0, 0, 0, 0, 0, 0, 0, 0, 0, 0, 0, 1, 0, 0, 0, 0, 0, 0, 2, 1, 0, 1, 0, 0] total weight : 6 cap : 6

Selected Profits : 
Agent 0 : [-6] profit : -6
Agent 1 : [-2, -2, -2, -3, -2, -2, -2, -2, -2, -2, -2, -2, -2, -2, -2, -2] profit : -33
Agent 2 : [-124, -90, -96, -118, -181, -92, -61, -110, -86, -83, -63, -89, -64, -66, -68, -170, -68, -70, -70, -89, -91, -64, -152, -83, -70, -60, -88, -88, -70, -68, -97, -91, -92, -142, -93, -99, -96, -95, -63, -113, -105, -111, -105, -93, -159] profit : -4246
Agent 3 : [-10, -11, -12] profit : -33
Agent 4 : [0, -1, 0, -1, 0, 0, 0, 0, 0, 0, 0, 0, 0, 0, 0, -1, -1, 0, 0, 0, 0, 0, -2, 0, 0, -1, -1, -1, 0, -3, -2, 0, -2, 0, 0] profit : -16
Total Profit : 4334.0 
