File Path : ../data/e10200.json
Time Elapsed : 2.93s

Num Agents : 10 | Num Tasks : 200
Selected Item Coords : [(0, 3), (0, 10), (0, 13), (0, 39), (0, 43), (0, 44), (0, 50), (0, 63), (0, 69), (0, 77), (0, 82), (0, 91), (0, 104), (0, 107), (0, 143), (0, 150), (0, 159), (0, 177), (1, 24), (1, 29), (1, 38), (1, 51), (1, 53), (1, 61), (1, 71), (1, 72), (1, 81), (1, 92), (1, 116), (1, 124), (1, 125), (1, 127), (1, 139), (1, 148), (1, 160), (1, 164), (1, 172), (1, 197), (2, 5), (2, 11), (2, 14), (2, 30), (2, 34), (2, 40), (2, 49), (2, 65), (2, 73), (2, 76), (2, 79), (2, 83), (2, 101), (2, 109), (2, 113), (2, 134), (2, 135), (2, 151), (2, 153), (3, 6), (3, 12), (3, 15), (3, 16), (3, 27), (3, 46), (3, 68), (3, 103), (3, 114), (3, 115), (3, 157), (3, 166), (3, 171), (3, 175), (3, 179), (3, 182), (3, 192), (3, 193), (3, 195), (3, 199), (4, 2), (4, 4), (4, 9), (4, 19), (4, 23), (4, 32), (4, 42), (4, 60), (4, 80), (4, 90), (4, 95), (4, 102), (4, 105), (4, 108), (4, 122), (4, 132), (4, 145), (4, 162), (4, 167), (4, 168), (4, 190), (5, 21), (5, 36), (5, 56), (5, 59), (5, 64), (5, 67), (5, 70), (5, 74), (5, 78), (5, 88), (5, 93), (5, 94), (5, 120), (5, 121), (5, 129), (5, 133), (5, 138), (5, 147), (5, 155), (5, 161), (5, 176), (5, 178), (5, 185), (6, 7), (6, 20), (6, 25), (6, 47), (6, 48), (6, 58), (6, 62), (6, 106), (6, 110), (6, 140), (6, 146), (6, 154), (6, 156), (6, 173), (6, 174), (6, 180), (6, 184), (6, 186), (6, 198), (7, 0), (7, 1), (7, 18), (7, 35), (7, 45), (7, 57), (7, 66), (7, 75), (7, 84), (7, 85), (7, 86), (7, 98), (7, 99), (7, 119), (7, 130), (7, 144), (7, 149), (7, 165), (7, 170), (7, 183), (7, 194), (8, 17), (8, 22), (8, 26), (8, 28), (8, 37), (8, 55), (8, 87), (8, 97), (8, 111), (8, 117), (8, 128), (8, 131), (8, 136), (8, 158), (8, 163), (8, 181), (8, 187), (8, 188), (8, 189), (8, 196), (9, 8), (9, 31), (9, 33), (9, 41), (9, 52), (9, 54), (9, 89), (9, 96), (9, 100), (9, 112), (9, 118), (9, 123), (9, 126), (9, 137), (9, 141), (9, 142), (9, 152), (9, 169), (9, 191)]
Number of Selected Items : 200
Selected Weights : 
Agent 0 : [9, 7, 9, 10, 11, 10, 7, 8, 13, 8, 11, 6, 5, 9, 9, 8, 8, 9] total weight : 157 cap : 159
Agent 1 : [12, 10, 8, 8, 10, 11, 7, 5, 18, 9, 8, 10, 13, 10, 5, 10, 8, 9, 12, 10] total weight : 193 cap : 194
Agent 2 : [9, 9, 10, 9, 8, 10, 8, 9, 8, 11, 9, 6, 7, 9, 10, 6, 9, 6, 7] total weight : 160 cap : 163
Agent 3 : [8, 8, 9, 7, 7, 10, 11, 8, 5, 13, 7, 9, 8, 7, 6, 7, 8, 6, 11, 9] total weight : 164 cap : 164
Agent 4 : [12, 9, 6, 8, 10, 5, 6, 8, 8, 6, 9, 6, 9, 9, 10, 13, 9, 10, 7, 9, 8] total weight : 177 cap : 182
Agent 5 : [6, 5, 8, 6, 8, 8, 6, 9, 8, 12, 6, 6, 5, 12, 8, 10, 8, 8, 9, 7, 9, 6, 10] total weight : 180 cap : 180
Agent 6 : [10, 8, 5, 8, 8, 7, 13, 8, 11, 6, 12, 6, 8, 11, 4, 9, 11, 5, 8] total weight : 158 cap : 158
Agent 7 : [7, 7, 4, 9, 10, 7, 9, 8, 8, 9, 9, 8, 5, 8, 7, 9, 5, 7, 8, 8, 10] total weight : 162 cap : 164
Agent 8 : [5, 8, 9, 9, 6, 8, 9, 8, 8, 7, 5, 10, 10, 7, 7, 5, 10, 8, 4, 10] total weight : 153 cap : 156
Agent 9 : [7, 10, 9, 8, 8, 8, 10, 7, 11, 11, 6, 7, 10, 5, 10, 11, 10, 10, 6] total weight : 164 cap : 164

Selected Profits : 
Agent 0 : [-102, -137, -105, -91, -82, -93, -134, -123, -70, -122, -87, -159, -199, -101, -110, -119, -121, -101] profit : -2056
Agent 1 : [-73, -93, -116, -115, -97, -84, -138, -196, -49, -105, -124, -91, -70, -96, -190, -96, -115, -110, -73, -97] profit : -2128
Agent 2 : [-110, -105, -90, -101, -121, -94, -115, -107, -122, -87, -109, -164, -140, -106, -94, -164, -103, -161, -137] profit : -2230
Agent 3 : [-115, -122, -106, -133, -133, -99, -80, -117, -190, -74, -134, -106, -124, -136, -156, -134, -115, -156, -81, -104] profit : -2415
Agent 4 : [-78, -110, -162, -118, -96, -195, -159, -117, -117, -159, -106, -158, -106, -102, -90, -72, -103, -99, -141, -103, -120] profit : -2511
Agent 5 : [-162, -193, -119, -162, -116, -123, -160, -101, -124, -80, -159, -161, -195, -75, -123, -97, -118, -118, -102, -134, -108, -162, -100] profit : -2992
Agent 6 : [-90, -116, -196, -120, -124, -137, -75, -122, -83, -157, -73, -163, -117, -87, -240, -110, -82, -190, -118] profit : -2400
Agent 7 : [-139, -135, -246, -105, -90, -135, -109, -120, -116, -102, -110, -116, -190, -119, -136, -109, -197, -139, -121, -118, -90] profit : -2742
Agent 8 : [-191, -119, -105, -102, -165, -120, -109, -119, -118, -138, -190, -99, -97, -132, -141, -190, -91, -122, -245, -91] profit : -2684
Agent 9 : [-135, -98, -101, -121, -117, -118, -99, -137, -88, -84, -162, -141, -93, -192, -90, -88, -93, -99, -158] profit : -2214
Total Profit : 24372.0 
