File Path : ../data/e20400.json
Time Elapsed : 3.81s

Num Agents : 20 | Num Tasks : 400
Selected Item Coords : [(0, 6), (0, 45), (0, 61), (0, 74), (0, 91), (0, 143), (0, 154), (0, 164), (0, 166), (0, 177), (0, 223), (0, 229), (0, 251), (0, 268), (0, 271), (0, 298), (0, 360), (0, 365), (0, 369), (0, 376), (0, 390), (1, 40), (1, 93), (1, 104), (1, 122), (1, 126), (1, 130), (1, 207), (1, 214), (1, 215), (1, 227), (1, 238), (1, 244), (1, 262), (1, 295), (1, 300), (1, 308), (1, 382), (1, 392), (1, 396), (1, 399), (2, 2), (2, 4), (2, 70), (2, 76), (2, 156), (2, 162), (2, 168), (2, 174), (2, 194), (2, 197), (2, 199), (2, 222), (2, 225), (2, 265), (2, 274), (2, 280), (2, 291), (2, 292), (2, 335), (2, 367), (3, 25), (3, 30), (3, 48), (3, 72), (3, 89), (3, 124), (3, 140), (3, 144), (3, 178), (3, 184), (3, 201), (3, 211), (3, 236), (3, 266), (3, 275), (3, 305), (3, 324), (3, 326), (3, 330), (3, 347), (3, 359), (4, 26), (4, 28), (4, 37), (4, 62), (4, 79), (4, 90), (4, 107), (4, 123), (4, 134), (4, 160), (4, 163), (4, 173), (4, 192), (4, 193), (4, 208), (4, 218), (4, 249), (4, 279), (4, 296), (4, 377), (5, 1), (5, 10), (5, 27), (5, 36), (5, 41), (5, 69), (5, 95), (5, 98), (5, 109), (5, 116), (5, 195), (5, 203), (5, 240), (5, 245), (5, 257), (5, 285), (5, 317), (5, 386), (5, 387), (5, 398), (6, 9), (6, 13), (6, 29), (6, 33), (6, 102), (6, 120), (6, 133), (6, 136), (6, 141), (6, 149), (6, 159), (6, 186), (6, 224), (6, 235), (6, 237), (6, 259), (6, 302), (6, 333), (6, 368), (7, 19), (7, 44), (7, 97), (7, 100), (7, 105), (7, 115), (7, 119), (7, 129), (7, 190), (7, 212), (7, 230), (7, 242), (7, 246), (7, 252), (7, 256), (7, 289), (7, 301), (7, 314), (7, 318), (7, 328), (7, 378), (7, 389), (8, 17), (8, 22), (8, 46), (8, 47), (8, 51), (8, 60), (8, 65), (8, 67), (8, 68), (8, 75), (8, 127), (8, 131), (8, 151), (8, 170), (8, 216), (8, 239), (8, 255), (8, 273), (8, 346), (8, 353), (8, 356), (8, 373), (9, 7), (9, 32), (9, 81), (9, 108), (9, 112), (9, 135), (9, 147), (9, 213), (9, 219), (9, 247), (9, 269), (9, 283), (9, 286), (9, 309), (9, 312), (9, 316), (9, 319), (9, 321), (9, 325), (9, 327), (9, 340), (9, 370), (10, 34), (10, 85), (10, 101), (10, 103), (10, 150), (10, 152), (10, 172), (10, 183), (10, 241), (10, 267), (10, 282), (10, 299), (10, 348), (10, 355), (10, 362), (10, 371), (10, 374), (10, 379), (11, 11), (11, 18), (11, 20), (11, 23), (11, 31), (11, 84), (11, 92), (11, 142), (11, 148), (11, 175), (11, 189), (11, 191), (11, 196), (11, 217), (11, 272), (11, 276), (11, 293), (11, 294), (11, 341), (11, 380), (12, 3), (12, 12), (12, 38), (12, 55), (12, 88), (12, 110), (12, 111), (12, 113), (12, 121), (12, 132), (12, 185), (12, 198), (12, 204), (12, 210), (12, 226), (12, 311), (12, 345), (12, 358), (12, 393), (13, 15), (13, 16), (13, 39), (13, 52), (13, 53), (13, 66), (13, 167), (13, 176), (13, 181), (13, 200), (13, 253), (13, 284), (13, 287), (13, 329), (13, 334), (13, 351), (13, 357), (13, 361), (13, 381), (13, 395), (14, 42), (14, 63), (14, 73), (14, 77), (14, 96), (14, 117), (14, 128), (14, 158), (14, 182), (14, 188), (14, 206), (14, 232), (14, 297), (14, 303), (14, 331), (14, 336), (14, 391), (15, 0), (15, 35), (15, 57), (15, 58), (15, 59), (15, 83), (15, 106), (15, 139), (15, 165), (15, 205), (15, 233), (15, 234), (15, 258), (15, 270), (15, 277), (15, 339), (15, 343), (15, 354), (15, 366), (15, 388), (16, 21), (16, 50), (16, 56), (16, 64), (16, 78), (16, 87), (16, 94), (16, 114), (16, 118), (16, 209), (16, 231), (16, 278), (16, 288), (16, 315), (16, 323), (16, 344), (16, 350), (16, 375), (16, 384), (17, 5), (17, 49), (17, 54), (17, 80), (17, 82), (17, 86), (17, 99), (17, 125), (17, 145), (17, 146), (17, 153), (17, 157), (17, 169), (17, 171), (17, 202), (17, 228), (17, 250), (17, 264), (17, 304), (17, 320), (17, 385), (18, 8), (18, 14), (18, 24), (18, 137), (18, 180), (18, 220), (18, 221), (18, 243), (18, 248), (18, 260), (18, 261), (18, 281), (18, 313), (18, 322), (18, 332), (18, 337), (18, 349), (18, 352), (18, 364), (18, 394), (19, 43), (19, 71), (19, 138), (19, 155), (19, 161), (19, 179), (19, 187), (19, 254), (19, 263), (19, 290), (19, 306), (19, 307), (19, 310), (19, 338), (19, 342), (19, 363), (19, 372), (19, 383), (19, 397)]
Number of Selected Items : 400
Selected Weights : 
Agent 0 : [8, 9, 6, 9, 6, 9, 9, 7, 6, 9, 7, 10, 8, 10, 7, 10, 8, 10, 6, 13, 8] total weight : 175 cap : 176
Agent 1 : [10, 12, 9, 6, 10, 7, 6, 9, 9, 7, 8, 9, 9, 8, 5, 6, 7, 8, 9, 9] total weight : 163 cap : 163
Agent 2 : [12, 9, 7, 7, 9, 10, 9, 11, 6, 8, 10, 6, 12, 8, 9, 13, 9, 9, 6, 11] total weight : 181 cap : 181
Agent 3 : [5, 7, 8, 7, 7, 9, 6, 6, 5, 11, 7, 8, 5, 9, 8, 11, 9, 6, 7, 11, 9] total weight : 161 cap : 161
Agent 4 : [9, 9, 6, 7, 10, 13, 6, 6, 6, 6, 7, 9, 7, 11, 7, 13, 7, 8, 7, 6] total weight : 160 cap : 160
Agent 5 : [8, 8, 8, 9, 8, 6, 10, 7, 12, 8, 12, 7, 11, 4, 9, 11, 7, 7, 9, 7] total weight : 168 cap : 170
Agent 6 : [8, 10, 8, 8, 7, 7, 7, 20, 9, 6, 6, 16, 9, 6, 6, 9, 4, 9, 14] total weight : 169 cap : 169
Agent 7 : [5, 7, 6, 9, 8, 5, 7, 13, 8, 9, 7, 12, 8, 6, 7, 9, 9, 6, 7, 9, 10, 7] total weight : 174 cap : 175
Agent 8 : [7, 12, 10, 8, 6, 10, 5, 5, 7, 9, 7, 9, 4, 10, 11, 8, 11, 10, 9, 5, 9, 6] total weight : 178 cap : 178
Agent 9 : [4, 8, 6, 8, 9, 5, 7, 9, 6, 6, 10, 9, 10, 5, 7, 8, 11, 9, 8, 6, 8, 9] total weight : 168 cap : 169
Agent 10 : [12, 10, 9, 9, 9, 11, 7, 10, 10, 12, 7, 8, 8, 9, 8, 7, 10, 8] total weight : 164 cap : 165
Agent 11 : [6, 9, 8, 11, 7, 10, 8, 7, 8, 7, 7, 8, 9, 6, 14, 5, 12, 9, 6, 6] total weight : 163 cap : 170
Agent 12 : [5, 7, 8, 8, 5, 9, 8, 9, 11, 14, 6, 7, 9, 11, 8, 13, 5, 5, 6] total weight : 154 cap : 154
Agent 13 : [7, 12, 8, 8, 11, 8, 7, 7, 7, 8, 11, 8, 10, 7, 10, 12, 7, 10, 9, 7] total weight : 174 cap : 174
Agent 14 : [13, 13, 13, 11, 8, 10, 9, 7, 9, 9, 9, 8, 11, 11, 11, 6, 11] total weight : 169 cap : 169
Agent 15 : [8, 8, 10, 10, 12, 10, 10, 9, 11, 5, 10, 5, 10, 6, 12, 8, 8, 8, 9, 11] total weight : 180 cap : 180
Agent 16 : [8, 6, 12, 9, 9, 10, 8, 9, 7, 7, 10, 10, 9, 6, 10, 8, 9, 8, 10] total weight : 165 cap : 165
Agent 17 : [6, 11, 8, 8, 8, 16, 12, 9, 9, 6, 8, 8, 9, 8, 6, 7, 6, 8, 3, 7, 8] total weight : 171 cap : 172
Agent 18 : [7, 10, 7, 11, 11, 8, 9, 8, 7, 5, 7, 9, 9, 7, 10, 9, 10, 10, 10, 7] total weight : 171 cap : 171
Agent 19 : [7, 13, 7, 7, 8, 9, 7, 6, 9, 8, 8, 8, 7, 7, 8, 7, 10, 11, 9] total weight : 156 cap : 157

Selected Profits : 
Agent 0 : [-119, -109, -157, -108, -159, -110, -106, -139, -165, -106, -136, -97, -115, -98, -140, -91, -115, -97, -162, -69, -120] profit : -2518
Agent 1 : [-95, -81, -101, -158, -91, -136, -159, -110, -105, -139, -118, -104, -107, -118, -191, -156, -139, -118, -107, -101] profit : -2434
Agent 2 : [-79, -102, -134, -134, -105, -98, -106, -85, -161, -115, -99, -159, -80, -120, -107, -67, -101, -103, -158, -81] profit : -2194
Agent 3 : [-191, -137, -116, -137, -133, -102, -165, -162, -197, -83, -134, -121, -193, -108, -123, -80, -110, -163, -132, -87, -110] profit : -2784
Agent 4 : [-107, -105, -156, -138, -92, -71, -160, -164, -160, -156, -132, -102, -140, -82, -133, -68, -138, -116, -140, -165] profit : -2525
Agent 5 : [-124, -115, -123, -109, -116, -159, -98, -137, -73, -121, -80, -133, -84, -246, -103, -85, -133, -135, -105, -138] profit : -2417
Agent 6 : [-123, -92, -117, -119, -134, -135, -139, -49, -110, -159, -156, -54, -103, -157, -156, -106, -240, -105, -69] profit : -2323
Agent 7 : [-197, -138, -163, -109, -118, -192, -140, -75, -121, -103, -137, -80, -115, -164, -134, -102, -110, -156, -133, -105, -90, -133] profit : -2815
Agent 8 : [-137, -74, -92, -124, -161, -96, -190, -195, -138, -102, -132, -105, -244, -94, -83, -123, -82, -91, -111, -197, -109, -160] profit : -2840
Agent 9 : [-242, -119, -157, -116, -101, -196, -132, -106, -157, -163, -95, -105, -93, -190, -136, -117, -80, -108, -119, -161, -117, -103] profit : -2913
Agent 10 : [-75, -97, -108, -101, -107, -82, -133, -99, -94, -78, -134, -125, -116, -106, -117, -132, -96, -124] profit : -1924
Agent 11 : [-163, -103, -120, -82, -135, -95, -118, -142, -115, -134, -142, -124, -104, -157, -64, -194, -79, -109, -156, -160] profit : -2496
Agent 12 : [-193, -137, -121, -119, -192, -102, -115, -103, -84, -70, -162, -137, -101, -85, -115, -67, -193, -195, -162] profit : -2453
Agent 13 : [-136, -74, -116, -120, -81, -124, -133, -138, -135, -122, -81, -115, -90, -134, -94, -82, -133, -99, -105, -137] profit : -2249
Agent 14 : [-72, -66, -71, -86, -116, -97, -102, -135, -102, -109, -106, -120, -88, -84, -84, -156, -85] profit : -1679
Agent 15 : [-116, -117, -91, -95, -78, -99, -94, -103, -89, -190, -95, -193, -93, -156, -73, -115, -121, -120, -101, -80] profit : -2219
Agent 16 : [-119, -163, -73, -110, -102, -93, -119, -106, -133, -137, -91, -95, -101, -162, -91, -116, -103, -123, -98] profit : -2135
Agent 17 : [-158, -88, -121, -122, -119, -53, -76, -101, -104, -160, -117, -124, -104, -117, -161, -136, -158, -121, -325, -135, -122] profit : -2722
Agent 18 : [-140, -97, -135, -80, -88, -118, -105, -120, -139, -198, -132, -103, -102, -137, -90, -105, -91, -96, -92, -134] profit : -2302
Agent 19 : [-134, -68, -132, -136, -115, -102, -135, -159, -103, -118, -121, -124, -141, -133, -117, -134, -97, -87, -103] profit : -2259
Total Profit : 48201.0 
